1574004477926 0.307974 0
1574004479213 0.34683993 1
1574004480520 0.34731245 2
1574004481824 0.36585942 3
1574004483107 0.36467808 4
1574004484418 0.36940342 5
1574004485742 0.37826344 6
1574004487027 0.3792085 7
1574004488331 0.39019492 8
1574004489919 0.38452452 9
1574004491522 0.3939752 10
1574004492907 0.39704666 11
1574004494336 0.39267573 12
1574004495636 0.39551094 13
1574004496896 0.40756056 14
1574004498194 0.4077968 15
1574004499652 0.40862375 16
1574004500938 0.4154755 17
1574004502252 0.41972828 18
1574004503581 0.40992323 19
1574004504880 0.41996455 20
1574004506198 0.4239811 21
1574004507489 0.43295926 22
1574004508756 0.42268163 23
1574004510082 0.4281158 24
1574004511402 0.43343177 25
1574004512683 0.43378618 26
1574004513970 0.43685764 27
1574004515322 0.4367395 28
1574004516771 0.43992913 29
1574004518066 0.43839338 30
1574004519380 0.44489074 31
1574004520668 0.44051978 32
1574004522163 0.44701713 33
1574004523450 0.44418192 34
