1574004477903 1.468621453151714 0
1574004479187 1.427573421123953 1
1574004480497 1.4148293577420663 2
1574004481801 1.395338760672838 3
1574004483084 1.3903304882184753 4
1574004484396 1.3819650063202076 5
1574004485719 1.371446940832707 6
1574004487004 1.3671645988181578 7
1574004488308 1.355970315206565 8
1574004489892 1.3531480018584177 9
1574004491499 1.3458617861990525 10
1574004492877 1.3392035794694679 11
1574004494311 1.3390761016743182 12
1574004495612 1.3334947341726295 13
1574004496872 1.3218006529754531 14
1574004498171 1.3210001527946234 15
1574004499625 1.316383768592582 16
1574004500915 1.309225986022183 17
1574004502227 1.3069648614664862 18
1574004503555 1.30211727245982 19
1574004504857 1.2986278105824218 20
1574004506173 1.2922234002049688 21
1574004507465 1.2827571186875706 22
1574004508732 1.2853507426245565 23
1574004510057 1.2777752247493224 24
1574004511379 1.2727946147225837 25
1574004512658 1.2682889001720132 26
1574004513947 1.2631346681029292 27
1574004515297 1.2558235998626863 28
1574004516743 1.254387327840324 29
1574004518042 1.2487900788447452 30
1574004519355 1.243036411207101 31
1574004520641 1.253228476409439 32
1574004522139 1.2398466443071967 33
1574004523427 1.2328818016480358 34
