1574002766160 0.2882457 0
1574002767351 0.32368577 1
1574002768499 0.34081513 2
1574002769587 0.34849378 3
1574002770619 0.3516834 4
1574002771715 0.36066154 5
1574002772788 0.36597756 6
1574002774257 0.37365624 7
1574002775497 0.37613705 8
1574002776541 0.3806261 9
1574002777620 0.38227996 10
1574002778690 0.38310692 11
1574002779783 0.3884229 12
1574002780850 0.38995865 13
1574002781922 0.39598346 14
1574002783085 0.39692852 15
1574002784344 0.4031896 16
1574002785420 0.40118134 17
1574002786460 0.40590668 18
1574002787532 0.4081512 19
1574002788567 0.41015947 20
1574002789662 0.4122859 21
1574002790701 0.41264027 22
1574002791771 0.4148848 23
1574002792830 0.41571176 24
