1574002766137 1.4863118961585462 0
1574002767329 1.4367066518273215 1
1574002768475 1.4202241354275933 2
1574002769564 1.4076156549036891 3
1574002770595 1.3981223236366762 4
1574002771692 1.3916008455965974 5
1574002772762 1.3863723684892244 6
1574002774232 1.381121591062709 7
1574002775474 1.3769573260114099 8
1574002776518 1.373039929668226 9
1574002777596 1.3690694278890538 10
1574002778666 1.3654638815404956 11
1574002779760 1.3621575213154602 12
1574002780827 1.3586204737935346 13
1574002781899 1.3553577005687156 14
1574002783062 1.351748693813182 15
1574002784303 1.3485968067317902 16
1574002785397 1.3458886614228873 17
1574002786435 1.3421852846506144 18
1574002787509 1.3394894593014073 19
1574002788541 1.336189273638762 20
1574002789639 1.3328349285553844 21
1574002790678 1.3296719728527306 22
1574002791746 1.326783964835323 23
1574002792804 1.3238021361919388 24
