1573966383133 0.29899585 0
1573966384453 0.3492026 1
1573966385749 0.38003543 2
1573966387064 0.39598346 3
1573966388410 0.40767866 4
1573966389715 0.41949204 5
1573966391049 0.42953336 6
1573966392374 0.43721205 7
1573966393672 0.4483166 8
1573966394985 0.4578854 9
1573966396327 0.45658594 10
1573966397634 0.46450087 11
1573966398938 0.4722977 12
1573966400250 0.4758417 13
1573966401567 0.48493797 14
1573966402894 0.49178973 15
1573966404214 0.49651507 16
1573966405510 0.49864146 17
1573966406844 0.50608385 18
1573966408155 0.5122268 19
1573966409637 0.5184879 20
1573966410964 0.52404016 21
1573966412368 0.52888364 22
1573966413669 0.5364442 23
1573966414975 0.53916126 24
