1573966383111 1.472309816707469 0
1573966384431 1.4093214910831666 1
1573966385727 1.382792810526249 2
1573966387042 1.361700640552789 3
1573966388388 1.3447237358667832 4
1573966389692 1.3287104269490746 5
1573966391027 1.3136866973830763 6
1573966392351 1.3003805239666726 7
1573966393649 1.2861102396119506 8
1573966394963 1.2739859432703775 9
1573966396304 1.2620432694846895 10
1573966397611 1.2498698283706413 11
1573966398916 1.2388038724678476 12
1573966400227 1.2270954731295114 13
1573966401545 1.2137702971608837 14
1573966402871 1.204164901557084 15
1573966404189 1.1934193252601781 16
1573966405487 1.1827182757805172 17
1573966406822 1.170166266633432 18
1573966408132 1.1613074135512764 19
1573966409614 1.1509477366094256 20
1573966410942 1.1387734476800369 21
1573966412345 1.1310814594419765 22
1573966413646 1.1161985054286498 23
1573966414952 1.109442765432494 24
