1573966896822 0.2765505 0
1573966897945 0.29415238 1
1573966899093 0.31482574 2
1573966900200 0.32356763 3
1573966901530 0.3314826 4
1573966902783 0.34128764 5
1573966903902 0.35014766 6
1573966905038 0.3579445 7
1573966906145 0.35534555 8
1573966907305 0.35463673 9
1573966909111 0.35640875 10
1573966910447 0.3630242 11
1573966912069 0.36314234 12
1573966913376 0.36314234 13
1573966914642 0.37412876 14
1573966916007 0.37519196 15
1573966917250 0.37731838 16
1573966919053 0.37271115 17
1573966920305 0.38204372 18
1573966921402 0.3797992 19
1573966922517 0.3816893 20
1573966923610 0.38676906 21
1573966924826 0.38452452 22
1573966925949 0.3848789 23
1573966927150 0.385824 24
1573966928442 0.39527467 25
1573966929885 0.39113998 26
1573966931328 0.39373893 27
1573966932612 0.39409333 28
1573966934063 0.39621973 29
1573966935261 0.39976373 30
1573966936580 0.39810985 31
1573966937888 0.40307146 32
1573966939062 0.40767866 33
1573966940149 0.40330774 34
1573966941249 0.41110456 35
1573966942438 0.4046072 36
1573966943544 0.40756056 37
1573966944689 0.41311282 38
1573966945822 0.41051388 39
1573966947147 0.40496162 40
1573966948373 0.41618428 41
1573966949646 0.4172475 42
1573966951035 0.42020082 43
1573966952404 0.4168931 44
