1573966896793 1.5221275758968609 0
1573966897917 1.4626324229598116 1
1573966899065 1.4471531894737915 2
1573966900171 1.434485281267183 3
1573966901494 1.4248150280785152 4
1573966902754 1.4164277878444151 5
1573966903874 1.4131375438703704 6
1573966905011 1.4064397741054122 7
1573966906117 1.4065616234476863 8
1573966907277 1.4027245928251173 9
1573966909062 1.3983432996223752 10
1573966910415 1.3963858714697985 11
1573966912030 1.3910520243067328 12
1573966913347 1.3893709660984677 13
1573966914611 1.3837057648082491 14
1573966915978 1.3806676284561337 15
1573966917215 1.3837910201376313 16
1573966919020 1.3776325369754348 17
1573966920275 1.3782910326142601 18
1573966921374 1.3746852179779079 19
1573966922489 1.3722722157739142 20
1573966923582 1.371647769716176 21
1573966924796 1.3705172664796679 22
1573966925921 1.3678600943870116 23
1573966927121 1.3631782166717044 24
1573966928406 1.3616304496724578 25
1573966929849 1.3566670402576426 26
1573966931290 1.3567008963859228 27
1573966932582 1.3545505313991586 28
1573966934025 1.3514148538237976 29
1573966935232 1.346489254229884 30
1573966936550 1.3489247467837528 31
1573966937851 1.3428189441570502 32
1573966939033 1.340478507626078 33
1573966940121 1.3379963309540948 34
1573966941221 1.3324340258557206 35
1573966942410 1.3356570346497671 36
1573966943515 1.3337953452168312 37
1573966944661 1.3288548152121438 38
1573966945791 1.328912227757922 39
1573966947118 1.3270903611000093 40
1573966948343 1.323115070613967 41
1573966949611 1.3181183862460835 42
1573966950999 1.3187249080851735 43
1573966952368 1.313120980735932 44
