1573931880894 0.27737743 0
1573931882246 0.30076787 1
1573931883364 0.31848788 2
1573931884477 0.32687536 3
1573931885611 0.3385706 4
1573931886714 0.34246898 5
1573931887838 0.34412286 6
1573931888950 0.35369167 7
1573931890069 0.3604253 8
1573931891189 0.36278796 9
1573931892299 0.35475487 10
1573931893412 0.36137035 11
1573931894517 0.36491436 12
1573931895662 0.36869463 13
1573931896784 0.36975783 14
1573931897907 0.3699941 15
1573931899011 0.3756645 16
1573931900145 0.37341997 17
1573931901293 0.3781453 18
1573931902403 0.37696397 19
