1573931880869 1.5403873790176537 0
1573931882212 1.4667582582596554 1
1573931883343 1.446709265458253 2
1573931884456 1.4356865257183193 3
1573931885590 1.428864075879831 4
1573931886693 1.4151667665745193 5
1573931887817 1.4132867294307017 6
1573931888928 1.4090806778408125 7
1573931890048 1.4035242900578002 8
1573931891166 1.3994581370119927 9
1573931892278 1.3957755632254054 10
1573931893391 1.3978864900895427 11
1573931894496 1.3919954848444398 12
1573931895641 1.388068947775154 13
1573931896763 1.386877825453094 14
1573931897885 1.3855889372760843 15
1573931898990 1.3822503209325314 16
1573931900124 1.3823097244494778 17
1573931901262 1.379548800505623 18
1573931902381 1.3774496238751308 19
