1573941569320 0.28340223 0
1573941570604 0.30395746 1
1573941571885 0.30478442 2
1573941573159 0.30726522 3
1573941574448 0.3202599 4
1573941575823 0.32226816 5
1573941577117 0.3277023 6
1573941578422 0.33266392 7
1573941579708 0.33207324 8
1573941580967 0.33171883 9
1573941582238 0.33384526 10
1573941583534 0.34034258 11
1573941584928 0.34873006 12
1573941586213 0.34152392 13
1573941587495 0.34152392 14
1573941588781 0.34695807 15
1573941590060 0.35534555 16
1573941591347 0.3506202 17
1573941592613 0.3552274 18
1573941593902 0.35605434 19
