1573941569299 1.5000034409729743 0
1573941570583 1.4570945668769741 1
1573941571864 1.452605465383693 2
1573941573138 1.4464254901737275 3
1573941574426 1.439472291037238 4
1573941575777 1.4378232458253197 5
1573941577096 1.4346248940187871 6
1573941578401 1.4279712377464848 7
1573941579687 1.4279121974763684 8
1573941580946 1.4245346331694952 9
1573941582216 1.4235828818615837 10
1573941583513 1.4183160265873538 11
1573941584906 1.4121411766727086 12
1573941586192 1.4120451069413313 13
1573941587473 1.4082425378584256 14
1573941588760 1.4070538248736972 15
1573941590039 1.4015105147088553 16
1573941591325 1.397181530683194 17
1573941592591 1.3972361170745642 18
1573941593881 1.3932918328050319 19
