1573972839315 0.29367986 0
1573972840371 0.3238039 1
1573972841423 0.33585352 2
1573972842483 0.34719434 3
1573972843545 0.3534554 4
1573972844616 0.36207914 5
1573972845918 0.36763144 6
1573972847143 0.37235677 7
1573972848192 0.37873596 8
1573972849269 0.38204372 9
1573972850320 0.38452452 10
1573972851359 0.3854696 11
1573972852418 0.38960424 12
1573972853970 0.39267573 13
1573972855158 0.39480212 14
1573972856186 0.39799172 15
1573972857298 0.40271708 16
1573972858391 0.40366215 17
1573972859435 0.40342587 18
1573972860504 0.4062611 19
1573972861553 0.40956882 20
1573972862708 0.40956882 21
1573972863868 0.41193148 22
1573972865015 0.41346723 23
1573972866094 0.41642055 24
1573972867333 0.4193739 25
1573972868496 0.4236267 26
