1573972839294 1.5110813534055598 0
1573972840350 1.4415448599571459 1
1573972841403 1.4232142134101449 2
1573972842463 1.411739316524589 3
1573972843524 1.4031508506013315 4
1573972844596 1.3970342327135945 5
1573972845891 1.3914480786878403 6
1573972847122 1.3874266943703442 7
1573972848167 1.3837440809552937 8
1573972849248 1.3794015720900317 9
1573972850299 1.375852678319229 10
1573972851338 1.373248594608521 11
1573972852397 1.369725096148284 12
1573972853942 1.3668361248099727 13
1573972855136 1.363826541357046 14
1573972856162 1.3606502187090095 15
1573972857276 1.3579377116075437 16
1573972858369 1.354619376404498 17
1573972859414 1.3519189172852906 18
1573972860483 1.3487727291543175 19
1573972861532 1.3462748967467577 20
1573972862686 1.3429784297520637 21
1573972863847 1.339936889647311 22
1573972864994 1.337086878876255 23
1573972866068 1.3347615181730825 24
1573972867312 1.3309913108423483 25
1573972868475 1.3280249730553488 26
