1573931567283 0.28127584 0
1573931568384 0.31021854 1
1573931569495 0.3255759 2
1573931570614 0.337153 3
1573931571715 0.3396338 4
1573931572888 0.34766686 5
1573931574006 0.3488482 6
1573931575108 0.35829887 7
1573931576223 0.3499114 8
1573931577394 0.36408743 9
1573931578499 0.36160663 10
1573931579613 0.3636149 11
1573931580713 0.36692262 12
1573931581818 0.36727703 13
1573931582909 0.37082103 14
1573931584015 0.37294742 15
1573931585106 0.37767276 16
1573931586236 0.37011224 17
1573931587353 0.37483758 18
1573931588448 0.38298878 19
