1573931567260 1.5218695588880788 0
1573931568363 1.452803205781904 1
1573931569474 1.4376299226488225 2
1573931570593 1.428406288802659 3
1573931571695 1.4202511229602388 4
1573931572849 1.412638534502524 5
1573931573985 1.4140175672797008 6
1573931575087 1.4086436525436103 7
1573931576203 1.4080799393729915 8
1573931577373 1.402210471563908 9
1573931578478 1.398106965987695 10
1573931579592 1.3961152480610433 11
1573931580692 1.39484875752809 12
1573931581797 1.3947805382271736 13
1573931582888 1.389337073453981 14
1573931583994 1.390220984945055 15
1573931585085 1.3837153905112576 16
1573931586215 1.3844146113668894 17
1573931587331 1.3824127531164296 18
1573931588428 1.3773347755613512 19
