1573941674216 0.2800945 0
1573941675684 0.31447136 1
1573941677072 0.32191375 2
1573941678466 0.33479032 3
1573941679835 0.3544005 4
1573941681196 0.35191968 5
1573941682584 0.36538687 6
1573941683962 0.36881277 7
1573941685338 0.37613705 8
1573941686698 0.38263437 9
1573941688082 0.39314824 10
1573941689461 0.38995865 11
1573941690933 0.39125812 12
1573941692310 0.39515653 13
1573941693820 0.4031896 14
1573941695174 0.4046072 15
1573941696551 0.4077968 16
1573941697928 0.41512108 17
1573941699312 0.41464856 18
1573941700690 0.41854694 19
