1573941674189 1.503170246635748 0
1573941675663 1.4460668570602426 1
1573941677051 1.4351788144666489 2
1573941678445 1.4206353508081229 3
1573941679814 1.409105667839794 4
1573941681172 1.400052151606763 5
1573941682562 1.3890048707791918 6
1573941683940 1.3824001125238805 7
1573941685315 1.3745742446631282 8
1573941686677 1.368930267668024 9
1573941688060 1.3610349545307012 10
1573941689440 1.3553492432153231 11
1573941690912 1.3508816232501017 12
1573941692289 1.345909069053393 13
1573941693799 1.3338416814804077 14
1573941695153 1.328504124183452 15
1573941696529 1.3235250055543502 16
1573941697907 1.316973792042031 17
1573941699290 1.3118889911950726 18
1573941700669 1.3073210942907159 19
