1573931638469 0.26934436 0
1573931639796 0.32404017 1
1573931641068 0.3436503 2
1573931642329 0.36007088 3
1573931643609 0.3738925 4
1573931644869 0.3788541 5
1573931646152 0.3862965 6
1573931647529 0.39515653 7
1573931648797 0.39173067 8
1573931650066 0.40200827 9
1573931651355 0.4102776 10
1573931652628 0.40909627 11
1573931654041 0.41193148 12
1573931655322 0.41157708 13
1573931656613 0.4207915 14
1573931657928 0.41819257 15
1573931659278 0.42173657 16
1573931660575 0.42740697 17
1573931661975 0.42764324 18
1573931663255 0.4321323 19
