1573931638448 1.5259556742300313 0
1573931639774 1.4438104814139612 1
1573931641046 1.4203915665435565 2
1573931642307 1.4059149549476366 3
1573931643587 1.3951783353593739 4
1573931644847 1.380985962746063 5
1573931646129 1.3718007826481216 6
1573931647499 1.3593128401643062 7
1573931648774 1.355571397140895 8
1573931650045 1.3474644648838663 9
1573931651332 1.3395148378536677 10
1573931652605 1.3302346581900113 11
1573931654019 1.327938452065519 12
1573931655299 1.3210367349217929 13
1573931656591 1.313956736095967 14
1573931657902 1.3052789934556017 15
1573931659252 1.3023009306428281 16
1573931660552 1.2951219511679906 17
1573931661951 1.2924746233404423 18
1573931663232 1.2865146456987142 19
