1573941765080 0.27040756 0
1573941766575 0.30324867 1
1573941768084 0.3202599 2
1573941769465 0.3382162 3
1573941770833 0.34648553 4
1573941772226 0.35829887 5
1573941773621 0.3753101 6
1573941775167 0.37117544 7
1573941776549 0.38322505 8
1573941777924 0.3802717 9
1573941779305 0.38995865 10
1573941780673 0.3939752 11
1573941782042 0.40496162 12
1573941783425 0.40448907 13
1573941784850 0.41110456 14
1573941786222 0.4173656 15
1573941787704 0.4225635 16
1573941789066 0.42929712 17
1573941790444 0.43236858 18
1573941791832 0.42740697 19
