1573941765059 1.4946332337514086 0
1573941766554 1.4541300622936684 1
1573941768060 1.4350857966479929 2
1573941769444 1.421203244485872 3
1573941770812 1.4096057624276122 4
1573941772205 1.3971449042943829 5
1573941773600 1.388329214776541 6
1573941775138 1.3826085638169066 7
1573941776528 1.3688923900534398 8
1573941777903 1.3669172559908278 9
1573941779284 1.3545044811392986 10
1573941780652 1.3510179626117849 11
1573941782021 1.3395154476024946 12
1573941783404 1.3351072324920672 13
1573941784829 1.3284796031635326 14
1573941786201 1.3173300814220206 15
1573941787680 1.3083541775763703 16
1573941789045 1.2997141177599345 17
1573941790422 1.2978748242107285 18
1573941791811 1.2909728263724294 19
