1573972235494 0.31588894 0
1573972236726 0.34187832 1
1573972237845 0.35664502 2
1573972239327 0.36834022 3
1573972240533 0.3756645 4
1573972241627 0.38913172 5
1573972242907 0.3975192 6
1573972244023 0.39976373 7
1573972245203 0.40543413 8
1573972246315 0.4127584 9
1573972247404 0.4215003 10
1573972248907 0.4296515 11
1573972250156 0.4419374 12
1573972251325 0.44382754 13
1573972252850 0.45020673 14
1573972253962 0.46426463 15
1573972255077 0.46745422 16
1573972256162 0.4687537 17
1573972257270 0.48056704 18
1573972258396 0.488482 19
1573972259493 0.49367985 20
1573972260606 0.499114 21
1573972261873 0.5033668 22
1573972263086 0.50443 23
1573972264205 0.51411694 24
1573972265352 0.51624334 25
1573972266545 0.5149439 26
1573972267677 0.52368575 27
1573972268791 0.5284111 28
1573972269878 0.530065 29
1573972270986 0.5316007 30
1573972272135 0.53207326 31
1573972274027 0.5373893 32
1573972275641 0.54613113 33
1573972277392 0.5508565 34
1573972279187 0.5492026 35
1573972280549 0.54648554 36
1573972282458 0.55888957 37
1573972283687 0.55688125 38
1573972285346 0.553101 39
1573972286639 0.5558181 40
1573972287757 0.5616066 41
1573972289190 0.56704074 42
1573972290516 0.5660957 43
1573972291694 0.5626698 44
1573972293197 0.5710573 45
1573972294885 0.5707029 46
1573972296544 0.57117546 47
1573972297716 0.5740106 48
1573972299665 0.5703485 49
1573972301420 0.5764914 50
1573972302855 0.57968104 51
1573972304053 0.56869465 52
1573972305728 0.5832251 53
1573972306913 0.58157116 54
