1573972235469 1.447842283510838 0
1573972236685 1.4150169232154977 1
1573972237820 1.3978438730713043 2
1573972239298 1.3810383149877639 3
1573972240508 1.3732227203484055 4
1573972241603 1.357122184127587 5
1573972242878 1.3441988364662987 6
1573972243998 1.3319287348413213 7
1573972245179 1.319497275422891 8
1573972246290 1.3026471211230057 9
1573972247379 1.2868868768250386 10
1573972248859 1.2749202185809365 11
1573972250131 1.2560872342131648 12
1573972251295 1.2412744424361417 13
1573972252825 1.226397307864041 14
1573972253937 1.2143161656373502 15
1573972255052 1.1951661656611219 16
1573972256137 1.1820462541332346 17
1573972257245 1.17092078448891 18
1573972258371 1.1541320998923565 19
1573972259467 1.1414673818756123 20
1573972260581 1.1299649355472086 21
1573972261846 1.1186911311152414 22
1573972263060 1.118232720643194 23
1573972264175 1.098996805398336 24
1573972265322 1.0907592226750598 25
1573972266519 1.0841324724111765 26
1573972267652 1.0730873414277327 27
1573972268766 1.067032985721054 28
1573972269853 1.057595257525323 29
1573972270961 1.0536847870939945 30
1573972272107 1.0483673270609135 31
1573972274001 1.035609661624478 32
1573972275593 1.0261365604203478 33
1573972277361 1.0245914861427843 34
1573972279139 1.0178220028435065 35
1573972280522 1.0156110264884601 36
1573972282424 1.0074680697263096 37
1573972283661 0.9989370543366696 38
1573972285320 0.9936435671156846 39
1573972286613 0.9926554314990192 40
1573972287732 0.9872768294297234 41
1573972289149 0.9824456940792893 42
1573972290488 0.9811382133793141 43
1573972291669 0.9752263393616155 44
1573972293152 0.9713377786471304 45
1573972294852 0.968567623249962 46
1573972296517 0.9619913308210649 47
1573972297688 0.9582211351436901 48
1573972299637 0.9588700087198617 49
1573972301374 0.9527845608434661 50
1573972302828 0.9486145602128806 51
1573972304026 0.950847775106661 52
1573972305701 0.9400676955221957 53
1573972306886 0.938326707445371 54
