1573940595530 0.26709983 0
1573940596798 0.29427052 1
1573940598060 0.30584762 2
1573940599322 0.31057295 3
1573940600575 0.3156527 4
1573940601846 0.3167159 5
1573940603105 0.3213231 6
1573940604375 0.32474896 7
1573940605649 0.33136445 8
1573940606891 0.33266392 9
1573940608368 0.33975193 10
1573940609638 0.33644417 11
1573940610884 0.33490846 12
1573940612164 0.3435322 13
1573940613421 0.34589487 14
1573940614686 0.34329593 15
1573940615959 0.34235087 16
1573940617332 0.34766686 17
1573940618726 0.34683993 18
1573940620129 0.34648553 19
