1573940595509 1.5201823317786327 0
1573940596777 1.464935838873402 1
1573940598039 1.453593319094681 2
1573940599301 1.4537977814181486 3
1573940600554 1.4492751872124083 4
1573940601825 1.4417784617909015 5
1573940603085 1.4361630057274626 6
1573940604353 1.4340450009297 7
1573940605628 1.430070021458089 8
1573940606870 1.4267423841281537 9
1573940608338 1.4231115950681863 10
1573940609617 1.4222328232930246 11
1573940610862 1.419818411940875 12
1573940612143 1.4143259180134313 13
1573940613400 1.412912157408528 14
1573940614664 1.4101084787889269 15
1573940615938 1.4067304505164004 16
1573940617310 1.4038760921621352 17
1573940618705 1.4037697165940404 18
1573940620090 1.4015542515762023 19
