1573942474742 0.28269345 0
1573942476129 0.30679268 1
1573942477534 0.32498524 2
1573942478917 0.33727112 3
1573942480315 0.34648553 4
1573942481720 0.35321915 5
1573942483128 0.3594802 6
1573942484538 0.3664501 7
1573942485964 0.3665682 8
1573942487559 0.37826344 9
1573942488943 0.37849972 10
1573942490343 0.37873596 11
1573942491738 0.38464266 12
1573942493130 0.385824 13
1573942494539 0.39113998 14
1573942495939 0.38818666 15
1573942497340 0.39834613 16
1573942498740 0.3975192 17
1573942500148 0.40047252 18
1573942501551 0.4102776 19
