1573942474720 2.170333390480938 0
1573942476108 1.9886544845545002 1
1573942477511 1.8730341819497305 2
1573942478896 1.7805791650942213 3
1573942480293 1.708807175270707 4
1573942481699 1.6517614769499047 5
1573942483106 1.606450969357499 6
1573942484517 1.5699675717300308 7
1573942485942 1.5441610727800255 8
1573942487537 1.5174716470372516 9
1573942488921 1.4945887012447892 10
1573942490322 1.4789024511879179 11
1573942491717 1.461507289985616 12
1573942493108 1.447378765924119 13
1573942494516 1.4355907593404338 14
1573942495916 1.4272939076454627 15
1573942497319 1.415226355052459 16
1573942498719 1.4061680853754124 17
1573942500126 1.3928076305265478 18
1573942501530 1.3844465576116671 19
