1573931280133 0.2623745 0
1573931281582 0.30183107 1
1573931283210 0.3223863 2
1573931284637 0.32900178 3
1573931285933 0.33727112 4
1573931287112 0.33490846 5
1573931288510 0.3350266 6
1573931289790 0.3425871 7
1573931291351 0.34754872 8
1573931292634 0.34790313 9
1573931294071 0.3488482 10
1573931295417 0.35215592 11
1573931296762 0.351329 12
1573931297976 0.35759008 13
1573931299290 0.35959834 14
1573931300531 0.35853514 15
1573931301852 0.36266983 16
1573931303137 0.35865328 17
1573931304356 0.3562906 18
1573931305572 0.36101595 19
