1573931280107 1.5325142803096377 0
1573931281555 1.4578340582782816 1
1573931283176 1.4458593068289038 2
1573931284615 1.438690958879294 3
1573931285910 1.4305292162610734 4
1573931287090 1.4283844074129848 5
1573931288484 1.4243987450427862 6
1573931289767 1.4202637264591944 7
1573931291325 1.4155120276165516 8
1573931292611 1.412502428292524 9
1573931294048 1.4107783230535391 10
1573931295394 1.4053125396960597 11
1573931296740 1.403266533591377 12
1573931297948 1.3985741991723561 13
1573931299256 1.3937810073994492 14
1573931300508 1.3942302552046892 15
1573931301828 1.388519742174819 16
1573931303114 1.3892921087239103 17
1573931304333 1.387116025864409 18
1573931305549 1.3855935013794152 19
