1573942418490 0.2842292 0
1573942419911 0.3065564 1
1573942421323 0.3248671 2
1573942422763 0.33738926 3
1573942424483 0.35203782 4
1573942425909 0.35310102 5
1573942427336 0.35912582 6
1573942428779 0.3696397 7
1573942430241 0.36869463 8
1573942431850 0.3738925 9
1573942433285 0.38759598 10
1573942434705 0.38251624 11
1573942436131 0.38653278 12
1573942437563 0.3898405 13
1573942439030 0.38558772 14
1573942440557 0.39054933 15
1573942441999 0.39728293 16
1573942443436 0.40295333 17
1573942444843 0.39905494 18
1573942446262 0.40496162 19
