1573942418469 2.4213600017865313 0
1573942419889 2.153527349730039 1
1573942421301 1.983011260880427 2
1573942422722 1.8525160310962674 3
1573942424455 1.7529962042979215 4
1573942425887 1.6825117377226548 5
1573942427314 1.6246589500525261 6
1573942428757 1.5791417626185453 7
1573942430219 1.5443895247865553 8
1573942431815 1.5157713922184033 9
1573942433261 1.4928218365560533 10
1573942434683 1.474373716119472 11
1573942436110 1.4565888538490155 12
1573942437542 1.4408677386308097 13
1573942439009 1.433096810719422 14
1573942440526 1.4205225358823312 15
1573942441977 1.4073055529552174 16
1573942443414 1.4003444967224834 17
1573942444821 1.393406532505033 18
1573942446240 1.3854312456787794 19
