1573942800766 0.27501476 0
1573942802261 0.30478442 1
1573942803695 0.3209687 2
1573942805075 0.32675722 3
1573942806476 0.34542233 4
1573942807943 0.35073835 5
1573942809339 0.36479622 6
1573942810736 0.37141168 7
1573942812142 0.37235677 8
1573942813556 0.3710573 9
1573942814941 0.3781453 10
1573942816322 0.3833432 11
1573942817722 0.38511518 12
1573942819117 0.38310692 13
1573942820645 0.3909037 14
1573942822041 0.39621973 15
1573942823574 0.39952746 16
1573942824953 0.40023628 17
1573942826344 0.40011814 18
1573942827734 0.40614295 19
