1573942800744 2.1993399000421334 0
1573942802240 1.9871409321563596 1
1573942803674 1.8679408485623274 2
1573942805053 1.772493102067473 3
1573942806454 1.6973223461882292 4
1573942807921 1.6394490415361318 5
1573942809317 1.593690326237777 6
1573942810714 1.5572739261885191 7
1573942812121 1.527974064689519 8
1573942813535 1.5021795713472 9
1573942814919 1.4805115926357253 10
1573942816301 1.465924187926097 11
1573942817700 1.4536137580871582 12
1573942819095 1.442093554785177 13
1573942820619 1.427899112549324 14
1573942822020 1.4165360366812276 15
1573942823552 1.4131411972795094 16
1573942824931 1.4001295046347242 17
1573942826321 1.3948850436106421 18
1573942827712 1.3878657207077802 19
