1573966295664 0.29474306 0
1573966296748 0.32581216 1
1573966297783 0.34046072 2
1573966298956 0.34695807 3
1573966300130 0.35144714 4
1573966301190 0.3604253 5
1573966302244 0.3605434 6
1573966303302 0.36763144 7
1573966304359 0.3749557 8
1573966305424 0.37790903 9
1573966306476 0.38074425 10
1573966307516 0.38700533 11
1573966308573 0.38476077 12
1573966309613 0.38806853 13
1573966310676 0.38960424 14
1573966311769 0.38854104 15
1573966312862 0.3975192 16
1573966313901 0.40047252 17
1573966315137 0.39976373 18
1573966316173 0.40295333 19
1573966317233 0.40378028 20
1573966318298 0.40637922 21
1573966319448 0.40933254 22
1573966320502 0.41252214 23
1573966321559 0.4127584 24
