1573966295619 1.5093159269737337 0
1573966296726 1.4394340606392029 1
1573966297762 1.422006906142125 2
1573966298934 1.4118923092479898 3
1573966300094 1.4036138155582876 4
1573966301168 1.397275606922616 5
1573966302217 1.392142612386299 6
1573966303280 1.3875531036474968 7
1573966304337 1.3839718699103196 8
1573966305401 1.3797427922540069 9
1573966306454 1.3762555391916635 10
1573966307494 1.372127761224002 11
1573966308551 1.369047366917943 12
1573966309590 1.3661566236634544 13
1573966310653 1.3625671401787143 14
1573966311746 1.3597923280639332 15
1573966312840 1.3561405362282994 16
1573966313878 1.353476783811025 17
1573966315102 1.3500136185030365 18
1573966316150 1.3473277390812954 19
1573966317211 1.3446152747346323 20
1573966318275 1.3416027990657764 21
1573966319425 1.3379848130553416 22
1573966320479 1.3351514737421566 23
1573966321536 1.3323768721764706 24
