1573966479847 0.25292382 0
1573966481005 0.29285294 1
1573966482157 0.31199056 2
1573966483429 0.32179564 3
1573966484592 0.33219138 4
1573966485706 0.33679858 5
1573966486827 0.34506792 6
1573966487947 0.34246898 7
1573966489068 0.34754872 8
1573966490174 0.3538098 9
1573966491306 0.3590077 10
1573966492528 0.35605434 11
1573966493634 0.36207914 12
1573966494770 0.36763144 13
1573966495893 0.365505 14
1573966497039 0.36326048 15
1573966498149 0.37034848 16
1573966499261 0.3707029 17
1573966500401 0.3731837 18
1573966501510 0.3721205 19
1573966502632 0.3767277 20
1573966503751 0.37932664 21
1573966504880 0.38558772 22
1573966505988 0.3834613 23
1573966507136 0.38227996 24
