1573966479815 1.56152185455836 0
1573966480978 1.466668844997566 1
1573966482123 1.4461908669001382 2
1573966483403 1.4364594304061682 3
1573966484567 1.426276724308958 4
1573966485681 1.4191212962382092 5
1573966486801 1.4108961904393944 6
1573966487922 1.41344437906183 7
1573966489042 1.4066635263226683 8
1573966490148 1.4016307432836002 9
1573966491280 1.4001781881594897 10
1573966492503 1.3993426829770128 11
1573966493608 1.394849870504885 12
1573966494744 1.3917709970502408 13
1573966495867 1.3894072199318441 14
1573966497013 1.3893497943737347 15
1573966498123 1.3830860390440642 16
1573966499235 1.3834865154490552 17
1573966500375 1.3823769651498585 18
1573966501484 1.378877684947519 19
1573966502606 1.3771388384553716 20
1573966503725 1.3755582591308622 21
1573966504855 1.3696239706896778 22
1573966505962 1.3693467441988076 23
1573966507110 1.3644311839704744 24
