1573942356806 0.27312464 0
1573942358215 0.30005908 1
1573942359605 0.3147076 2
1573942361015 0.31907856 3
1573942362420 0.32959244 4
1573942363921 0.34376845 5
1573942365328 0.349557 6
1573942366736 0.35558182 7
1573942368269 0.35770822 8
1573942369661 0.3665682 9
1573942371043 0.3777909 10
1573942372452 0.3760189 11
1573942373863 0.37849972 12
1573942375246 0.38476077 13
1573942376633 0.3852333 14
1573942378038 0.3918488 15
1573942379435 0.38924986 16
1573942380831 0.39704666 17
1573942382232 0.39303014 18
1573942383653 0.39633787 19
