1573942356783 2.2493693160222117 0
1573942358194 2.0466120174631026 1
1573942359584 1.9162677453666908 2
1573942360993 1.810547394648291 3
1573942362399 1.7304502547456186 4
1573942363900 1.6636687445063176 5
1573942365306 1.6140950547684176 6
1573942366714 1.571355752063375 7
1573942368247 1.5456226570114748 8
1573942369638 1.5183263928947968 9
1573942371022 1.4958456868331107 10
1573942372430 1.4783340058098582 11
1573942373841 1.4596285238536377 12
1573942375224 1.446865663624204 13
1573942376612 1.434481106660666 14
1573942378016 1.4258221279145413 15
1573942379412 1.4163377664670815 16
1573942380809 1.405288921202419 17
1573942382210 1.396471724479211 18
1573942383631 1.3929818005513948 19
