1573931124421 0.28092143 0
1573931125415 0.30218548 1
1573931126391 0.3106911 2
1573931127384 0.31518015 3
1573931128354 0.32510337 4
1573931129327 0.33006498 5
1573931130302 0.3314826 6
1573931131284 0.33467218 7
1573931132254 0.33419964 8
1573931133343 0.34329593 9
1573931134442 0.3453042 10
1573931135444 0.344241 11
1573931136430 0.3481394 12
1573931137412 0.34932074 13
1573931138384 0.34979326 14
1573931139375 0.35014766 15
1573931140369 0.35215592 16
1573931141358 0.3523922 17
1573931142329 0.35463673 18
1573931143320 0.35369167 19
