1573931124400 1.5276698942657625 0
1573931125394 1.461519826578094 1
1573931126371 1.448978388936155 2
1573931127363 1.4433308812477712 3
1573931128333 1.4393500196532392 4
1573931129306 1.4364581736459299 5
1573931130280 1.4338436262183687 6
1573931131261 1.431409857840631 7
1573931132233 1.4293196936999983 8
1573931133322 1.4274924822833788 9
1573931134421 1.4253865788972948 10
1573931135423 1.4235810058185918 11
1573931136409 1.4217440273095643 12
1573931137391 1.4202963739756782 13
1573931138364 1.4182111007253306 14
1573931139354 1.4164711850533032 15
1573931140348 1.415101991147595 16
1573931141337 1.4134586689110276 17
1573931142308 1.411935311946655 18
1573931143298 1.4103189689199107 19
