1574005099681 0.2578854 0
1574005101027 0.30596575 1
1574005102388 0.3223863 2
1574005103779 0.33030125 3
1574005105053 0.33809805 4
1574005106352 0.33927938 5
1574005107675 0.34329593 6
1574005109229 0.35109273 7
1574005110752 0.34648553 8
1574005112187 0.36018902 9
1574005113462 0.35770822 10
1574005114748 0.36491436 11
1574005116024 0.37188423 12
1574005117361 0.36739516 13
1574005118624 0.37483758 14
1574005119918 0.37471944 15
1574005121317 0.37590078 16
1574005122588 0.37731838 17
1574005123880 0.37861785 18
1574005125179 0.38476077 19
1574005126468 0.385824 20
1574005127803 0.38558772 21
1574005129076 0.38322505 22
1574005130524 0.38913172 23
1574005131822 0.39373893 24
