1574005099651 1.562403259499849 0
1574005101003 1.4654708701481287 1
1574005102365 1.4453330181367428 2
1574005103755 1.4360082907572485 3
1574005105030 1.425491866457061 4
1574005106329 1.4154368395081514 5
1574005107650 1.418438267806403 6
1574005109202 1.4097822821076917 7
1574005110723 1.405785317175922 8
1574005112149 1.3987603662004149 9
1574005113436 1.4007070678546452 10
1574005114725 1.3934256165251533 11
1574005116000 1.386659260607301 12
1574005117338 1.3900322048324703 13
1574005118601 1.3826539128050603 14
1574005119895 1.3778209371392147 15
1574005121290 1.3768943483844989 16
1574005122564 1.3732342088708354 17
1574005123853 1.3708682021373697 18
1574005125155 1.3645501740360428 19
1574005126443 1.364021465303767 20
1574005127775 1.3619500619028704 21
1574005129053 1.3645571228462214 22
1574005130499 1.356113640218533 23
1574005131798 1.3565265379639257 24
