1573931794381 0.2815121 0
1573931795431 0.3248671 1
1573931796481 0.34187832 2
1573931797541 0.34825754 3
1573931798581 0.3587714 4
1573931799646 0.3604253 5
1573931800692 0.36727703 6
1573931801749 0.37483758 7
1573931802785 0.37448317 8
1573931803833 0.38263437 9
1573931804869 0.38216186 10
1573931805949 0.3854696 11
1573931806987 0.38995865 12
1573931808046 0.389368 13
1573931809326 0.39385706 14
1573931810368 0.39669228 15
1573931811431 0.4010632 16
1573931812481 0.4021264 17
1573931813540 0.40330774 18
1573931814601 0.40732428 19
