1573931794354 1.5002418010669984 0
1573931795409 1.4360258235216 1
1573931796459 1.4182636217048585 2
1573931797519 1.4063949174593697 3
1573931798559 1.3970140243801785 4
1573931799624 1.3903405490459526 5
1573931800670 1.3847840411241985 6
1573931801727 1.3799422451257002 7
1573931802763 1.3755242455167596 8
1573931803812 1.3721700773813705 9
1573931804847 1.3679473568262324 10
1573931805927 1.3645258444410349 11
1573931806965 1.3611938481209762 12
1573931808024 1.3577827471075716 13
1573931809303 1.3544435108616306 14
1573931810345 1.3518556145190912 15
1573931811408 1.349055066843816 16
1573931812459 1.3455633471157167 17
1573931813518 1.3427054892329866 18
1573931814580 1.3400436588384241 19
