1574006119316 0.29781452 0
1574006120638 0.33207324 1
1574006121849 0.3431778 2
1574006122973 0.3463674 3
1574006124180 0.35723567 4
1574006125412 0.3598346 5
1574006126617 0.36597756 6
1574006127985 0.3696397 7
1574006129180 0.37046662 8
1574006130401 0.3781453 9
1574006131651 0.37731838 10
1574006132794 0.37826344 11
1574006133960 0.3848789 12
1574006135115 0.39373893 13
1574006136277 0.38665092 14
1574006137433 0.39692852 15
1574006138659 0.40035442 16
1574006139939 0.40035442 17
1574006141072 0.403544 18
1574006142225 0.40366215 19
1574006143372 0.4077968 20
1574006144510 0.41358536 21
1574006145720 0.41346723 22
1574006146988 0.41807443 23
1574006148130 0.4207915 24
1574006149283 0.41949204 25
1574006150428 0.4239811 26
1574006151569 0.43154165 27
1574006152690 0.43095097 28
1574006153838 0.43118724 29
1574006155122 0.43130538 30
1574006156259 0.43154165 31
