1574006119279 1.4935765272896457 0
1574006120609 1.4342101784338277 1
1574006121821 1.415731737392581 2
1574006122946 1.4043806208003855 3
1574006124152 1.3970590285838038 4
1574006125385 1.391969568913883 5
1574006126587 1.3867606383276916 6
1574006127949 1.3826400639668626 7
1574006129145 1.378543866293288 8
1574006130373 1.3747093124496677 9
1574006131623 1.3708371435898827 10
1574006132763 1.367448472526041 11
1574006133932 1.3630935135777715 12
1574006135084 1.3600048501746442 13
1574006136247 1.3566431024971617 14
1574006137405 1.3529689812477144 15
1574006138631 1.3499908263628397 16
1574006139909 1.345299763941441 17
1574006141045 1.3406790564346087 18
1574006142197 1.3385174021098434 19
1574006143344 1.3334676302472164 20
1574006144480 1.3294955354432558 21
1574006145691 1.3261802729106977 22
1574006146947 1.3220294772980132 23
1574006148102 1.3181238051215642 24
1574006149253 1.3135091063684778 25
1574006150400 1.3113203481042166 26
1574006151541 1.3069633379112104 27
1574006152662 1.3026301238780464 28
1574006153809 1.299000457680866 29
1574006155085 1.2965858823367287 30
1574006156230 1.292037771695898 31
