1573940665028 0.27595985 0
1573940666257 0.3054932 1
1573940667599 0.31624335 2
1573940668921 0.3220319 3
1573940670287 0.33467218 4
1573940671519 0.33786178 5
1573940672748 0.3396338 6
1573940673985 0.34589487 7
1573940675637 0.34506792 8
1573940677023 0.3481394 9
1573940678266 0.34896633 10
1573940679505 0.35262847 11
1573940680742 0.3562906 12
1573940681981 0.35818073 13
1573940683214 0.3559362 14
1573940684451 0.36278796 15
1573940685779 0.36326048 16
1573940687014 0.36101595 17
1573940688249 0.36692262 18
1573940689505 0.36987597 19
