1573940665008 1.496836100058378 0
1573940666235 1.4491901749066185 1
1573940667578 1.4417832548070504 2
1573940668899 1.4345113671889196 3
1573940670266 1.4257196453711865 4
1573940671498 1.423255970220346 5
1573940672727 1.4167927272067715 6
1573940673964 1.4150750799708582 7
1573940675603 1.4100057016092156 8
1573940676993 1.4055758524138195 9
1573940678245 1.4013095203124766 10
1573940679484 1.4001962087876827 11
1573940680720 1.39366195391989 12
1573940681960 1.390752854293715 13
1573940683188 1.3872966320502005 14
1573940684430 1.383533741198414 15
1573940685758 1.3798065486069762 16
1573940686993 1.3795487550892072 17
1573940688227 1.3756812319696408 18
1573940689484 1.370641290585247 19
