1573941455552 0.26438275 0
1573941456912 0.29639694 1
1573941458344 0.30525693 2
1573941459630 0.306202 3
1573941461049 0.3121087 4
1573941462462 0.32179564 5
1573941463763 0.31506202 6
1573941465025 0.32014176 7
1573941466310 0.32746604 8
1573941467589 0.33124632 9
1573941469042 0.33290017 10
1573941470328 0.3410514 11
1573941471621 0.34435913 12
1573941472899 0.34022444 13
1573941474177 0.3396338 14
1573941475469 0.34589487 15
1573941476731 0.34376845 16
1573941478036 0.34754872 17
1573941479320 0.34613112 18
1573941480595 0.3488482 19
