1573941455531 1.5050055675934704 0
1573941456875 1.460349116463388 1
1573941458322 1.4530029316590654 2
1573941459609 1.451583014052786 3
1573941461028 1.4464115925533703 4
1573941462442 1.4420518022842543 5
1573941463742 1.4371563040991895 6
1573941465004 1.4371377286302642 7
1573941466289 1.4297725005327282 8
1573941467567 1.4280493050725658 9
1573941469014 1.424390408926579 10
1573941470307 1.4211242496087153 11
1573941471600 1.4177378794320292 12
1573941472878 1.415307231661982 13
1573941474157 1.4116826101371824 14
1573941475448 1.4076413323311712 15
1573941476711 1.406814492840212 16
1573941478015 1.4027218260852388 17
1573941479298 1.4007895413898395 18
1573941480574 1.3969293879955673 19
