1573942565543 0.2786769 0
1573942566841 0.30289426 1
1573942568149 0.3069108 2
1573942569463 0.3111636 3
1573942570823 0.31789723 4
1573942572128 0.31943297 5
1573942573439 0.3191967 6
1573942574742 0.32226816 7
1573942576048 0.3227407 8
1573942577346 0.32994685 9
1573942578781 0.3273479 10
1573942580093 0.3330183 11
1573942581457 0.33077377 12
1573942582747 0.3340815 13
1573942584298 0.3350266 14
1573942585601 0.34081513 15
1573942586884 0.34081513 16
1573942588205 0.34081513 17
1573942589534 0.3456586 18
1573942590819 0.34187832 19
