1573942565499 2.170090312473322 0
1573942566821 1.985552623788774 1
1573942568127 1.8709991545347653 2
1573942569442 1.7833286562827797 3
1573942570802 1.71322049805911 4
1573942572107 1.6575721512866035 5
1573942573418 1.615548100586974 6
1573942574721 1.5817045270938952 7
1573942576027 1.555499297362844 8
1573942577325 1.5328035287299384 9
1573942578744 1.5198133011365598 10
1573942580072 1.5026676286273783 11
1573942581410 1.4933272835353528 12
1573942582726 1.482332743235192 13
1573942584271 1.4759501407784397 14
1573942585580 1.4671776693809406 15
1573942586863 1.4593171368670477 16
1573942588183 1.4528704011221996 17
1573942589512 1.449983910773537 18
1573942590797 1.443592130792824 19
