1574004898542 0.31742468 0
1574004900013 0.36916715 1
1574004901453 0.39113998 2
1574004902830 0.401772 3
1574004904158 0.41323096 4
1574004905454 0.4257531 5
1574004906725 0.43307737 6
1574004908030 0.4458358 7
1574004909344 0.4529238 8
1574004910624 0.46237448 9
1574004912004 0.4666273 10
1574004913365 0.48588306 11
1574004914748 0.48564678 12
1574004916079 0.49143532 13
1574004917389 0.49852332 14
1574004918790 0.5111636 15
1574004920154 0.5161252 16
1574004921555 0.5290018 17
1574004922857 0.52215004 18
1574004924191 0.5360898 19
1574004925523 0.5423508 20
1574004926830 0.5488482 21
1574004928120 0.55912584 22
1574004929444 0.561961 23
1574004930730 0.5699941 24
1574004932055 0.56893086 25
1574004933373 0.58157116 26
1574004934745 0.5740106 27
1574004936113 0.5916125 28
1574004937441 0.5949203 29
1574004938796 0.6042528 30
1574004940188 0.6021264 31
1574004941503 0.61204964 32
1574004942781 0.6155936 33
1574004944083 0.6217366 34
1574004945383 0.62102777 35
1574004946687 0.6243355 36
1574004948135 0.6278795 37
1574004949558 0.6340225 38
