1574004898512 1.4505077503872426 0
1574004899964 1.392419580376789 1
1574004901430 1.362613546475108 2
1574004902793 1.3426788440204132 3
1574004904135 1.3196885159363496 4
1574004905431 1.300070816232689 5
1574004906702 1.282332045822121 6
1574004908006 1.262711075509855 7
1574004909321 1.2444100140539487 8
1574004910600 1.228021470520247 9
1574004911980 1.2157304547766716 10
1574004913341 1.1965884376473492 11
1574004914724 1.180247550016314 12
1574004916056 1.170894271258553 13
1574004917366 1.1543092241670279 14
1574004918767 1.1342071087277295 15
1574004920130 1.1259066570882466 16
1574004921530 1.1031978385376635 17
1574004922830 1.0985853655128457 18
1574004924164 1.0789764565049862 19
1574004925498 1.0726847703120304 20
1574004926806 1.0586698270027128 21
1574004928096 1.0459454788868763 22
1574004929419 1.036685201492242 23
1574004930705 1.0194641480626119 24
1574004932026 1.0176042835492745 25
1574004933349 0.9943157256600142 26
1574004934720 0.9988695605577129 27
1574004936081 0.9749358926591124 28
1574004937415 0.9623950433393097 29
1574004938772 0.949689964887593 30
1574004940164 0.9489846104851716 31
1574004941479 0.9322585015837708 32
1574004942753 0.9236720948408006 33
1574004944059 0.9116195849004893 34
1574004945355 0.905351603967652 35
1574004946651 0.9041995820954081 36
1574004948110 0.8927795545806986 37
1574004949527 0.8784823542576321 38
