1573966657303 0.2815121 0
1573966658543 0.3096279 1
1573966659685 0.32829297 2
1573966660819 0.3360898 3
1573966661945 0.3436503 4
1573966663052 0.349557 5
1573966664157 0.34849378 6
1573966665282 0.35723567 7
1573966666438 0.35428235 8
1573966667557 0.3625517 9
1573966668690 0.36574128 10
1573966669798 0.3665682 11
1573966670922 0.37613705 12
1573966672057 0.37720025 13
1573966673216 0.37968105 14
1573966674385 0.3763733 15
1573966675525 0.38157117 16
1573966676682 0.38192558 17
1573966678378 0.38724157 18
1573966679649 0.38121676 19
1573966680784 0.39373893 20
1573966681902 0.3890136 21
1573966683162 0.389368 22
1573966684464 0.3953928 23
1573966685625 0.39704666 24
1573966686832 0.3971648 25
1573966687993 0.39870054 26
1573966689198 0.40366215 27
1573966690363 0.4028352 28
1573966691517 0.40472534 29
1573966692697 0.40720615 30
1573966693850 0.40756056 31
1573966694979 0.40886 32
1573966696218 0.40732428 33
1573966697910 0.40909627 34
1573966699396 0.41323096 35
1573966700667 0.41677496 36
1573966701807 0.4163024 37
1573966703021 0.41512108 38
1573966704243 0.4163024 39
1573966705346 0.4183107 40
1573966706459 0.41866508 41
1573966707568 0.42315418 42
1573966708677 0.4281158 43
1573966709810 0.4316598 44
1573966711018 0.42480803 45
1573966712344 0.432723 46
1573966713475 0.42976964 47
1573966714594 0.43307737 48
1573966715815 0.43638512 49
1573966717103 0.43260485 50
1573966718358 0.43756646 51
1573966719494 0.4387478 52
1573966720739 0.43744832 53
1573966721878 0.44323686 54
