1573966657251 1.5169248282240468 0
1573966658496 1.455340441429467 1
1573966659658 1.435025459946927 2
1573966660792 1.423001664429815 3
1573966661919 1.4153413807789532 4
1573966663026 1.4067939683240474 5
1573966664130 1.404588527321745 6
1573966665255 1.399736567833546 7
1573966666411 1.3956883557787747 8
1573966667530 1.3936930177624383 9
1573966668664 1.3898827693903157 10
1573966669770 1.3855815999267092 11
1573966670895 1.3819415872504002 12
1573966672030 1.37921237283674 13
1573966673186 1.3802549975339435 14
1573966674358 1.3760371262127313 15
1573966675496 1.372179338584197 16
1573966676654 1.3669048466769746 17
1573966678325 1.3690121398335438 18
1573966679620 1.3657754906520854 19
1573966680755 1.3577477998868714 20
1573966681874 1.3602771800436075 21
1573966683131 1.3586767563507252 22
1573966684433 1.3565734040152724 23
1573966685595 1.3509224935318687 24
1573966686801 1.348476583071876 25
1573966687963 1.3466161811555974 26
1573966689169 1.3427271984345943 27
1573966690334 1.3405804381733877 28
1573966691489 1.3394430974778944 29
1573966692666 1.3338827628886565 30
1573966693821 1.3318418967392904 31
1573966694951 1.3301634351388985 32
1573966696170 1.327850137486376 33
1573966697880 1.3257311266833203 34
1573966699344 1.3257244595534972 35
1573966700639 1.3159674665312477 36
1573966701778 1.316001045753177 37
1573966702991 1.3164334737543375 38
1573966704207 1.3094190957626506 39
1573966705318 1.3112028228694423 40
1573966706431 1.305802324926508 41
1573966707540 1.3052953472238846 42
1573966708649 1.2999590428285324 43
1573966709781 1.2973335726896265 44
1573966710986 1.2957242600395351 45
1573966712313 1.296770043437888 46
1573966713446 1.293136554431859 47
1573966714565 1.2883386227060758 48
1573966715781 1.281945342913367 49
1573966717072 1.2836013416249725 50
1573966718327 1.2815005230889542 51
1573966719464 1.2795379437008907 52
1573966720704 1.2756419925807991 53
1573966721849 1.270323439328824 54
