1573931833971 0.2613113 0
1573931835573 0.2948612 1
1573931836967 0.31872416 2
1573931838250 0.32817483 3
1573931839520 0.3360898 4
1573931840796 0.34140578 5
1573931842098 0.34896633 6
1573931843377 0.344241 7
1573931844631 0.35369167 8
1573931845914 0.35215592 9
1573931847231 0.36231542 10
1573931848513 0.36491436 11
1573931849801 0.3696397 12
1573931851078 0.36278796 13
1573931852356 0.3770821 14
1573931853640 0.37235677 15
1573931854906 0.3742469 16
1573931856372 0.3763733 17
1573931857667 0.38417011 18
1573931858940 0.3799173 19
