1573931833951 1.5551822935696966 0
1573931835541 1.4719612861623161 1
1573931836930 1.4496962236780706 2
1573931838230 1.4408969781276255 3
1573931839500 1.4279560576792096 4
1573931840775 1.418777858218144 5
1573931842077 1.412111978452021 6
1573931843356 1.4103841109734911 7
1573931844610 1.4055756244163715 8
1573931845893 1.4021562166208357 9
1573931847208 1.3938660202262956 10
1573931848492 1.389351273442047 11
1573931849780 1.388095856276195 12
1573931851057 1.3861891955084442 13
1573931852336 1.3793104325253374 14
1573931853619 1.3800892770466406 15
1573931854885 1.3713758712538726 16
1573931856352 1.369147718269587 17
1573931857646 1.365881790131841 18
1573931858920 1.3658077727952653 19
