1573941218037 0.2673361 0
1573941219286 0.29557 1
1573941220542 0.30466628 2
1573941221811 0.31104547 3
1573941223156 0.31577083 4
1573941224403 0.32250443 5
1573941225658 0.32262257 6
1573941226911 0.33372712 7
1573941228400 0.33372712 8
1573941229713 0.33313644 9
1573941231016 0.3382162 10
1573941232288 0.33916125 11
1573941233571 0.34294152 12
1573941234805 0.34896633 13
1573941236064 0.34341407 14
1573941237312 0.34388658 15
1573941238589 0.3474306 16
1573941239849 0.3453042 17
1573941241088 0.35073835 18
1573941242487 0.35286474 19
