1573941218015 1.516759792348723 0
1573941219263 1.4591745881730118 1
1573941220521 1.45058677203544 2
1573941221790 1.4460052892292876 3
1573941223135 1.4431275338867466 4
1573941224381 1.4365674542873763 5
1573941225638 1.4307917472813443 6
1573941226890 1.4289988912637601 7
1573941228379 1.4256492416603779 8
1573941229692 1.4209723749177665 9
1573941230996 1.4215909853956084 10
1573941232268 1.4170266520815071 11
1573941233550 1.4144058645651738 12
1573941234784 1.4123825068031621 13
1573941236043 1.4092292492022123 14
1573941237291 1.405275365507821 15
1573941238568 1.4041371221311403 16
1573941239828 1.4032695750548019 17
1573941241067 1.4002632297993551 18
1573941242464 1.3956490979135494 19
