1574004302316 0.33774364 0
1574004303360 0.36467808 1
1574004304506 0.38192558 2
1574004305688 0.38759598 3
1574004307060 0.40413466 4
1574004308211 0.4168931 5
1574004309283 0.4253987 6
1574004310373 0.4331955 7
1574004311500 0.4490254 8
1574004312727 0.45918489 9
1574004313916 0.47217956 10
1574004315089 0.48210278 11
1574004316421 0.49710572 12
1574004317598 0.5025399 13
1574004318652 0.5163615 14
1574004319736 0.5266391 15
1574004320894 0.53384525 16
1574004321995 0.5383343 17
1574004323132 0.54435915 18
1574004324218 0.5506202 19
1574004325347 0.5642055 20
1574004326425 0.56798583 21
1574004327525 0.5759008 22
1574004328596 0.57542825 23
1574004329930 0.5848789 24
1574004330996 0.5894861 25
1574004332083 0.596456 26
1574004333182 0.59633785 27
1574004334299 0.5970467 28
1574004335385 0.6066155 29
1574004336460 0.6131128 30
1574004337579 0.6137035 31
1574004338827 0.6190195 32
1574004339929 0.6261075 33
1574004340989 0.623863 34
