1574004302292 1.42659108199386 0
1574004303337 1.3900122519435083 1
1574004304482 1.3712435951756783 2
1574004305658 1.3540404570715285 3
1574004307036 1.333987238008597 4
1574004308186 1.3131661529310061 5
1574004309258 1.2920852781257472 6
1574004310344 1.2728802263138215 7
1574004311476 1.2503480102349793 8
1574004312689 1.2295754475278116 9
1574004313892 1.2067970391849197 10
1574004315040 1.182736770027992 11
1574004316379 1.1642515205097705 12
1574004317572 1.1418403988608368 13
1574004318630 1.1251112927435702 14
1574004319712 1.1062149194874007 15
1574004320870 1.0864913180532079 16
1574004321970 1.073265930765561 17
1574004323106 1.0571185615523215 18
1574004324194 1.0373367592912417 19
1574004325320 1.0239367582920522 20
1574004326402 1.0095235495263137 21
1574004327500 0.993780262711058 22
1574004328572 0.9856185930830026 23
1574004329903 0.9701390603274477 24
1574004330969 0.9592512263325074 25
1574004332059 0.9463609853652688 26
1574004333155 0.93772251084931 27
1574004334274 0.927250949870322 28
1574004335362 0.9149196248327707 29
1574004336433 0.9065709811586357 30
1574004337551 0.8989390955827536 31
1574004338802 0.8866882297602618 32
1574004339906 0.8789350633570518 33
1574004340965 0.8719981865775845 34
