1573941901042 0.27702305 0
1573941902439 0.30844656 1
1573941903941 0.32404017 2
1573941905304 0.34294152 3
1573941906657 0.34896633 4
1573941908038 0.36007088 5
1573941909407 0.3675133 6
1573941910767 0.37129357 7
1573941912132 0.3749557 8
1573941913515 0.38145304 9
1573941914871 0.39279386 10
1573941916241 0.38865918 11
1573941917623 0.39598346 12
1573941918979 0.4007088 13
1573941920518 0.403544 14
1573941921893 0.40886 15
1573941923268 0.41252214 16
1573941924638 0.41949204 17
1573941926022 0.42315418 18
1573941927399 0.4172475 19
