1573941901020 1.5065707315866297 0
1573941902393 1.4445774005843701 1
1573941903920 1.4318330891091515 2
1573941905283 1.4175741002887787 3
1573941906636 1.4096691631806086 4
1573941908017 1.3969526466926174 5
1573941909386 1.3856147341100127 6
1573941910745 1.3788108227735993 7
1573941912111 1.3762287306349024 8
1573941913494 1.3647066600352298 9
1573941914850 1.3592994072982283 10
1573941916220 1.3518350638092727 11
1573941917601 1.3434165698568004 12
1573941918957 1.3369136000834339 13
1573941920489 1.336571345579955 14
1573941921872 1.3210609819363788 15
1573941923246 1.3165085506946184 16
1573941924617 1.3110698250434276 17
1573941926001 1.303768224513397 18
1573941927378 1.2962469908589804 19
