1574004392238 0.3291199 0
1574004393562 0.37058476 1
1574004394848 0.3989368 2
1574004396164 0.41039574 3
1574004397477 0.42279977 4
1574004398782 0.43992913 5
1574004400088 0.44843474 6
1574004401409 0.464619 7
1574004402698 0.4839929 8
1574004404012 0.49604252 9
1574004405319 0.5238039 10
1574004406611 0.5314826 11
1574004407925 0.5527466 12
1574004409241 0.567277 13
1574004410544 0.581453 14
1574004411974 0.60271704 15
1574004413269 0.61476666 16
1574004414574 0.63414055 17
1574004415884 0.650443 18
1574004417185 0.66402835 19
1574004418652 0.67489666 20
1574004419976 0.688482 21
1574004421288 0.7041937 22
1574004422588 0.7248671 23
1574004423897 0.73171884 24
1574004425205 0.7494389 25
1574004426653 0.75463676 26
1574004428027 0.76810396 27
1574004429371 0.78216183 28
1574004430867 0.7845245 29
1574004432419 0.79243946 30
1574004433732 0.80413467 31
1574004435442 0.8095688 32
1574004436741 0.8147667 33
1574004438100 0.82965153 34
