1574004392215 1.4441355497401913 0
1574004393537 1.3883304899145847 1
1574004394826 1.3540629713055092 2
1574004396140 1.326478127706565 3
1574004397454 1.3005402111824067 4
1574004398757 1.269859252283014 5
1574004400065 1.2489403719178191 6
1574004401387 1.2137199188292696 7
1574004402675 1.1833572175892866 8
1574004403989 1.1588942287662505 9
1574004405294 1.1159371128606148 10
1574004406588 1.085794816838167 11
1574004407902 1.050904887566113 12
1574004409204 1.0187300462942468 13
1574004410521 0.9820833500010405 14
1574004411950 0.9485301084231147 15
1574004413246 0.9214244741134509 16
1574004414551 0.8776261093344692 17
1574004415861 0.8442958661387534 18
1574004417162 0.8099052003622759 19
1574004418623 0.7859252351913238 20
1574004419952 0.7567543538378599 21
1574004421254 0.7331799641700447 22
1574004422564 0.6901456339712757 23
1574004423874 0.6752048577032917 24
1574004425179 0.6387263691256332 25
1574004426629 0.6326290563303412 26
1574004428004 0.5926998613117295 27
1574004429347 0.5761035195519356 28
1574004430843 0.5558532442380463 29
1574004432396 0.5463664222524072 30
1574004433709 0.5132758754882598 31
1574004435417 0.5032884415056462 32
1574004436718 0.48399365924197546 33
1574004438060 0.4508917713879976 34
