1574002421312 0.27985823 0
1574002422380 0.31352627 1
1574002423461 0.33585352 2
1574002424537 0.34235087 3
1574002425609 0.35085645 4
1574002426670 0.35428235 5
1574002427751 0.3608978 6
1574002428809 0.36515063 7
1574002429900 0.3682221 8
1574002430963 0.3710573 9
1574002432035 0.3738925 10
1574002433087 0.37578264 11
1574002434175 0.37767276 12
1574002435241 0.37649143 13
1574002436305 0.38180745 14
1574002437398 0.3859421 15
1574002438466 0.38830477 16
1574002439583 0.39054933 17
1574002440636 0.39432958 18
1574002441715 0.39598346 19
1574002442768 0.39799172 20
1574002443851 0.40082693 21
1574002444912 0.40047252 22
1574002446016 0.40366215 23
1574002447097 0.4046072 24
