1574002421285 1.536705212514216 0
1574002422351 1.4541987710215956 1
1574002423435 1.4315356445537821 2
1574002424513 1.4192912845307388 3
1574002425587 1.4098757087726672 4
1574002426647 1.4026750945368958 5
1574002427728 1.396833815169067 6
1574002428787 1.3917478154273126 7
1574002429878 1.388340554459871 8
1574002430941 1.38415790694181 9
1574002432012 1.3804643503111351 10
1574002433061 1.3771638538312152 11
1574002434153 1.3741222097545562 12
1574002435207 1.3712008564273634 13
1574002436283 1.368008039466601 14
1574002437375 1.3651238962242185 15
1574002438440 1.3623082244882059 16
1574002439560 1.3595135809751353 17
1574002440614 1.356525176879716 18
1574002441692 1.353710295910393 19
1574002442745 1.3515850970819725 20
1574002443828 1.348286123298289 21
1574002444886 1.345875302208857 22
1574002445993 1.3432148694287935 23
1574002447074 1.340322840079991 24
