1573931525334 0.269935 0
1573931526627 0.3033668 1
1573931528068 0.31518015 2
1573931529491 0.3277023 3
1573931530796 0.32604843 4
1573931532066 0.3382162 5
1573931533333 0.34471354 6
1573931534587 0.34861192 7
1573931535863 0.35002953 8
1573931537126 0.35262847 9
1573931538383 0.36066154 10
1573931539654 0.36467808 11
1573931540910 0.3671589 12
1573931542332 0.3746013 13
1573931543740 0.37483758 14
1573931544984 0.3749557 15
1573931546278 0.3795629 16
1573931547556 0.37968105 17
1573931548808 0.37519196 18
1573931550177 0.3813349 19
