1573931525314 1.526887224133171 0
1573931526584 1.4619846188099652 1
1573931528043 1.4485987054477834 2
1573931529470 1.4362552041354013 3
1573931530775 1.4288613835242958 4
1573931532045 1.4231945273725506 5
1573931533312 1.4152253620594968 6
1573931534566 1.4136280976169855 7
1573931535842 1.407041587593002 8
1573931537105 1.4010464315786209 9
1573931538362 1.3969236892141397 10
1573931539632 1.3940378095296735 11
1573931540889 1.3888051157087808 12
1573931542305 1.3853280102087067 13
1573931543713 1.3841031593890565 14
1573931544963 1.3804653419240016 15
1573931546257 1.3764965125251225 16
1573931547534 1.3768899673128439 17
1573931548787 1.3749213849167392 18
1573931550138 1.370348202175314 19
