1574009669365 0.2769049 0
1574009671075 0.3152983 1
1574009672714 0.3171884 2
1574009674162 0.33183697 3
1574009675628 0.33573538 4
1574009677216 0.34542233 5
1574009678681 0.35924396 6
1574009680145 0.35510927 7
1574009681775 0.3608978 8
1574009683285 0.36432368 9
1574009684800 0.37034848 10
1574009686456 0.37164795 11
1574009688275 0.37944478 12
1574009689741 0.37932664 13
1574009691348 0.3806261 14
1574009692949 0.39125812 15
1574009694415 0.3838157 16
1574009695875 0.38889545 17
1574009697482 0.38889545 18
1574009698954 0.39350265 19
1574009700425 0.39350265 20
1574009701872 0.39598346 21
1574009703451 0.39243945 22
1574009704920 0.40082693 23
1574009706401 0.40011814 24
