1574009669337 2.2784819132607153 0
1574009671045 2.055742556120754 1
1574009672684 1.920142509158518 2
1574009674134 1.8172757324071165 3
1574009675599 1.7355820760315717 4
1574009677184 1.6746428793869423 5
1574009678653 1.6196359714811115 6
1574009680115 1.587113947538814 7
1574009681740 1.5525462745423158 8
1574009683257 1.5276082125487442 9
1574009684772 1.5038262336548447 10
1574009686427 1.4871501891484855 11
1574009688232 1.4708512329449686 12
1574009689713 1.4606658174522658 13
1574009691319 1.4455720388318967 14
1574009692920 1.437694073399354 15
1574009694387 1.4257012821412691 16
1574009695846 1.4173287396873162 17
1574009697453 1.4095385511739678 18
1574009698922 1.4042799406902224 19
1574009700396 1.396266000537005 20
1574009701841 1.3940657227404076 21
1574009703421 1.3867014503169186 22
1574009704891 1.37795007766807 23
1574009706372 1.3766935232751691 24
