1573942694866 0.2806852 0
1573942696330 0.30100414 1
1573942697757 0.3085647 2
1573942699174 0.3294743 3
1573942700607 0.33668044 4
1573942702046 0.34447727 5
1573942703471 0.35050207 6
1573942704888 0.35617247 7
1573942706324 0.3639693 8
1573942707887 0.37117544 9
1573942709428 0.37826344 10
1573942711144 0.38050798 11
1573942712573 0.38157117 12
1573942714012 0.38535145 13
1573942715454 0.38972238 14
1573942716867 0.39161253 15
1573942718298 0.38865918 16
1573942719725 0.39917305 17
1573942721302 0.39704666 18
1573942722732 0.40378028 19
