1573942694845 2.172219585738658 0
1573942696307 1.9758576367778744 1
1573942697735 1.8570536232952246 2
1573942699151 1.7604085551305275 3
1573942700585 1.6860986617916938 4
1573942702024 1.6339272787496315 5
1573942703449 1.586609576851112 6
1573942704866 1.556956312533884 7
1573942706302 1.528355126400636 8
1573942707865 1.5015599972245544 9
1573942709407 1.481860763450663 10
1573942711121 1.4663218385569103 11
1573942712551 1.4535964663889165 12
1573942713991 1.4405482459758345 13
1573942715431 1.4280704527864496 14
1573942716846 1.4215387945406126 15
1573942718277 1.4076234913689105 16
1573942719703 1.3990346796753417 17
1573942721280 1.3962629407380223 18
1573942722710 1.386781454903095 19
