1573942069986 0.2923804 0
1573942071349 0.32215002 1
1573942072716 0.34093326 2
1573942074258 0.3562906 3
1573942075613 0.37188423 4
1573942076975 0.37790903 5
1573942078570 0.38287064 6
1573942079929 0.39551094 7
1573942081312 0.40637922 8
1573942082670 0.41193148 9
1573942084047 0.4113408 10
1573942085406 0.42421737 11
1573942086762 0.43047845 12
1573942088241 0.43142352 13
1573942089616 0.43945658 14
1573942090968 0.4392203 15
1573942092324 0.45316008 16
1573942093753 0.45800355 17
1573942095116 0.46331954 18
1573942096483 0.46780863 19
