1573942069964 1.4972014235379918 0
1573942071328 1.43477743467634 1
1573942072681 1.415242678514966 2
1573942074236 1.4024185213054063 3
1573942075591 1.3889764273159615 4
1573942076953 1.3795195047769473 5
1573942078544 1.3680163608523987 6
1573942079907 1.3598789027085054 7
1573942081291 1.3475999704564878 8
1573942082649 1.3342410797912274 9
1573942084025 1.326368932053667 10
1573942085382 1.312642362817673 11
1573942086740 1.30236490400881 12
1573942088203 1.2889700538507947 13
1573942089594 1.2809803023115813 14
1573942090946 1.2714561787710623 15
1573942092303 1.2595106417796207 16
1573942093732 1.2479804153774732 17
1573942095095 1.2425097501003313 18
1573942096461 1.2289446916794255 19
