1573972756071 0.2994684 0
1573972757127 0.33183697 1
1573972758188 0.3481394 2
1573972759256 0.35121086 3
1573972760310 0.3568813 4
1573972761358 0.35971648 5
1573972762419 0.36538687 6
1573972763476 0.37117544 7
1573972764538 0.37200236 8
1573972765584 0.3797992 9
1573972766780 0.3823981 10
1573972767828 0.38086239 11
1573972768909 0.3827525 12
1573972769944 0.38606024 13
1573972771008 0.38665092 14
1573972772051 0.38972238 15
1573972773132 0.39220318 16
1573972774179 0.3953928 17
1573972775236 0.3992912 18
1573972776310 0.40011814 19
1573972777371 0.40118134 20
1573972778495 0.4046072 21
1573972779707 0.40590668 22
1573972780774 0.40956882 23
1573972781813 0.40897813 24
