1573972756050 1.511878964693956 0
1573972757106 1.4342586731389648 1
1573972758165 1.4163794400349778 2
1573972759235 1.4062039314327477 3
1573972760289 1.399394977325106 4
1573972761337 1.39370971923035 5
1573972762398 1.3889472546129626 6
1573972763455 1.3857066493448391 7
1573972764515 1.3815282881788016 8
1573972765563 1.3782638615429648 9
1573972766758 1.375406248922962 10
1573972767807 1.3724920286205629 11
1573972768888 1.3697720700020066 12
1573972769923 1.366178800914672 13
1573972770987 1.364235420897383 14
1573972772030 1.360883924528754 15
1573972773110 1.358298438213594 16
1573972774157 1.3557305433591018 17
1573972775215 1.352650454195026 18
1573972776289 1.3498133136053023 19
1573972777350 1.3471266681318514 20
1573972778474 1.3448039249773922 21
1573972779685 1.3420612309997206 22
1573972780752 1.338756685262591 23
1573972781792 1.3362533216707395 24
