1573931243494 0.2776137 0
1573931244513 0.283166 1
1573931245693 0.28706437 2
1573931246711 0.3023036 3
1573931247847 0.297342 4
1573931248866 0.30821028 5
1573931249897 0.31399882 6
1573931250991 0.31931484 7
1573931252013 0.31966922 8
1573931253034 0.32049617 9
1573931254078 0.32687536 10
1573931255103 0.32226816 11
1573931256141 0.32392204 12
1573931257159 0.32439455 13
1573931258199 0.33479032 14
1573931259225 0.3323095 15
1573931260259 0.33018312 16
1573931261307 0.33006498 17
1573931262443 0.3255759 18
1573931263716 0.33479032 19
