1573931243473 1.524422655046444 0
1573931244493 1.468817532534298 1
1573931245667 1.4591232571035746 2
1573931246691 1.4546245918566845 3
1573931247826 1.4503434822535417 4
1573931248846 1.4468215036448542 5
1573931249877 1.4432451197471552 6
1573931250960 1.4396463991267683 7
1573931251992 1.4412344794546579 8
1573931253013 1.4382211877830762 9
1573931254057 1.4333285557188653 10
1573931255082 1.4368833097000482 11
1573931256120 1.4342753229659475 12
1573931257138 1.4310076285309856 13
1573931258177 1.432554585414037 14
1573931259202 1.4319940629684214 15
1573931260235 1.431441082070019 16
1573931261286 1.429526562065467 17
1573931262423 1.4297737909081556 18
1573931263695 1.4278766784735566 19
