1573931486804 0.30454814 0
1573931487876 0.33691671 1
1573931488926 0.34400472 2
1573931489991 0.3492026 3
1573931491058 0.35475487 4
1573931492124 0.36432368 5
1573931493168 0.36810395 6
1573931494242 0.3699941 7
1573931495300 0.36975783 8
1573931496373 0.3767277 9
1573931497580 0.37649143 10
1573931498631 0.38038984 11
1573931499687 0.38086239 12
1573931500745 0.38074425 13
1573931501803 0.38393384 14
1573931502856 0.3852333 15
1573931503976 0.3862965 16
1573931505016 0.39267573 17
1573931506091 0.3936208 18
1573931507137 0.39586532 19
