1573931486783 1.5027635400702244 0
1573931487855 1.4314520535212751 1
1573931488905 1.4129186331134398 2
1573931489969 1.404144026257199 3
1573931491037 1.3981065447486791 4
1573931492102 1.3934191159221876 5
1573931493147 1.389378548316257 6
1573931494221 1.3865265345052369 7
1573931495273 1.3829692225870267 8
1573931496351 1.3794865288258444 9
1573931497559 1.3771261097338519 10
1573931498610 1.3746442199668727 11
1573931499665 1.3714836031603377 12
1573931500723 1.369042848076119 13
1573931501781 1.3657391913459629 14
1573931502834 1.3638836236937963 15
1573931503955 1.3605869029163962 16
1573931504995 1.3585392876482545 17
1573931506069 1.356119503189105 18
1573931507115 1.3539928544433737 19
