1573966552251 0.24890727 0
1573966553367 0.28800946 1
1573966554498 0.31305376 2
1573966555618 0.31848788 3
1573966556746 0.33372712 4
1573966557861 0.3360898 5
1573966559000 0.34719434 6
1573966560108 0.34873006 7
1573966561236 0.34837568 8
1573966562375 0.3523922 9
1573966563491 0.3541642 10
1573966564623 0.3608978 11
1573966566000 0.3633786 12
1573966567139 0.36845836 13
1573966568259 0.36774957 14
1573966569377 0.3724749 15
1573966570516 0.3731837 16
1573966571630 0.37365624 17
1573966572786 0.37968105 18
1573966573902 0.37625515 19
1573966575025 0.38121676 20
1573966576129 0.38653278 21
1573966577269 0.3834613 22
1573966578409 0.3852333 23
1573966579720 0.39054933 24
1573966580853 0.39054933 25
1573966581962 0.39031306 26
1573966583104 0.39621973 27
1573966584219 0.39551094 28
1573966585488 0.396456 29
1573966587130 0.40118134 30
1573966588642 0.4024808 31
1573966589753 0.40153575 32
1573966590889 0.40401652 33
1573966592133 0.40236267 34
1573966593280 0.4081512 35
1573966594408 0.40153575 36
1573966595519 0.41015947 37
1573966596692 0.40543413 38
1573966597817 0.40992323 39
1573966598941 0.41405788 40
1573966600134 0.4102776 41
1573966601260 0.41512108 42
1573966602392 0.41949204 43
1573966603532 0.41760188 44
1573966604668 0.41559362 45
1573966605775 0.41984642 46
1573966606929 0.41949204 47
1573966608029 0.4229179 48
1573966609169 0.4236267 49
1573966610312 0.4296515 50
1573966611443 0.42374483 51
1573966612594 0.42740697 52
1573966613717 0.43331364 53
1573966614853 0.42634377 54
