1573966552222 1.5410897535891908 0
1573966553340 1.4617355999549464 1
1573966554471 1.4452360701575058 2
1573966555592 1.439232519471427 3
1573966556719 1.4248552022709764 4
1573966557834 1.4204575431466595 5
1573966558973 1.4100368091360183 6
1573966560081 1.4052805621315583 7
1573966561209 1.40090924571128 8
1573966562348 1.4013219865059894 9
1573966563464 1.3937566995339075 10
1573966564596 1.3915884623074066 11
1573966565972 1.384489290557947 12
1573966567112 1.383200039612916 13
1573966568231 1.381591774230164 14
1573966569351 1.3810218539522445 15
1573966570487 1.3747628390824238 16
1573966571602 1.376964563275679 17
1573966572758 1.3716523502116647 18
1573966573875 1.3654126519925907 19
1573966574998 1.3675351399045967 20
1573966576102 1.3630861643990044 21
1573966577242 1.3612221242123923 22
1573966578382 1.3620142530986563 23
1573966579682 1.3563938103550226 24
1573966580825 1.354574788919371 25
1573966581935 1.3512187608374129 26
1573966583075 1.346881514432088 27
1573966584188 1.3463392316978215 28
1573966585433 1.3442173784467784 29
1573966587093 1.3424992848766393 30
1573966588614 1.3387679817827227 31
1573966589726 1.3379605316369405 32
1573966590861 1.3317202769013037 33
1573966592105 1.3275838698428266 34
1573966593253 1.3294540589896449 35
1573966594381 1.33199667379973 36
1573966595492 1.3223191716441443 37
1573966596663 1.3220925222257152 38
1573966597789 1.3163699539328777 39
1573966598915 1.3136821978485098 40
1573966600107 1.3135355184434507 41
1573966601232 1.3131351445457742 42
1573966602365 1.3058981639002458 43
1573966603504 1.305895275021895 44
1573966604640 1.306669008964205 45
1573966605748 1.2993820323228695 46
1573966606901 1.2979933343972951 47
1573966608001 1.296430359616198 48
1573966609140 1.2952953817290944 49
1573966610283 1.2883418255562058 50
1573966611415 1.2903050001739258 51
1573966612566 1.287471603558603 52
1573966613688 1.2848213913450561 53
1573966614825 1.2850477149904795 54
