1573941993113 0.26816303 0
1573941994528 0.30785587 1
1573941995908 0.33467218 2
1573941997311 0.34683993 3
1573941998704 0.3573538 4
1573942000100 0.36704075 5
1573942001482 0.37188423 6
1573942002878 0.36881277 7
1573942004269 0.38310692 8
1573942005718 0.3833432 9
1573942007086 0.38499704 10
1573942008604 0.39078557 11
1573942009985 0.38641465 12
1573942011404 0.39492026 13
1573942012791 0.39870054 14
1573942014255 0.39421147 15
1573942015647 0.40862375 16
1573942017020 0.40366215 17
1573942018420 0.405316 18
1573942019812 0.40968695 19
