1573941993091 1.5127491940849291 0
1573941994506 1.4479642203201997 1
1573941995887 1.430378253052943 2
1573941997288 1.416878827478642 3
1573941998683 1.4051703522350403 4
1573942000079 1.3967071165928668 5
1573942001460 1.3896978478282427 6
1573942002857 1.384768777180901 7
1573942004247 1.3760078362579256 8
1573942005696 1.3723267658743996 9
1573942007065 1.3636465006584397 10
1573942008582 1.3586732454998425 11
1573942009963 1.3552924156752268 12
1573942011382 1.3519452542295416 13
1573942012769 1.3437860155274581 14
1573942014234 1.3428381811002268 15
1573942015625 1.3375097106633915 16
1573942016998 1.3301772693593474 17
1573942018398 1.3259293903068052 18
1573942019790 1.3242720649852178 19
