1574010059469 0.2754873 0
1574010061222 0.2888364 1
1574010062789 0.29438865 2
1574010064297 0.2962788 3
1574010065800 0.30100414 4
1574010067429 0.32120496 5
1574010069143 0.32463083 6
1574010070661 0.33419964 7
1574010072153 0.33975193 8
1574010073633 0.34435913 9
1574010075291 0.34683993 10
1574010077110 0.35971648 11
1574010078657 0.3523922 12
1574010080275 0.3492026 13
1574010081826 0.354873 14
1574010083338 0.3598346 15
1574010084834 0.35215592 16
1574010086489 0.36704075 17
1574010088029 0.3696397 18
1574010089572 0.36066154 19
1574010091200 0.37365624 20
1574010092783 0.37590078 21
1574010094281 0.37625515 22
1574010095887 0.3738925 23
1574010097428 0.3760189 24
