1574010059436 2.269709283504272 0
1574010061188 2.1079051201398458 1
1574010062757 1.9859542893715603 2
1574010064264 1.8824049373103962 3
1574010065769 1.8040483726106025 4
1574010067397 1.7324955933346102 5
1574010069111 1.6757544656934924 6
1574010070633 1.6332458857594336 7
1574010072122 1.5923309609232326 8
1574010073605 1.5656026116223005 9
1574010075262 1.5395669487898545 10
1574010077077 1.516896027780748 11
1574010078629 1.5005905587787256 12
1574010080238 1.4904371677878616 13
1574010081797 1.4762333842472994 14
1574010083310 1.4611204446031014 15
1574010084804 1.453193669395199 16
1574010086453 1.442807288699367 17
1574010087998 1.434701948523592 18
1574010089538 1.4282702518509325 19
1574010091165 1.419998480776535 20
1574010092751 1.4158947393447776 21
1574010094249 1.4115375870864066 22
1574010095855 1.4093117060072662 23
1574010097394 1.4056727570467846 24
