1573931204528 0.2596574 0
1573931205791 0.28753692 1
1573931207088 0.30147666 2
1573931208322 0.30998227 3
1573931209521 0.31033668 4
1573931210714 0.3117543 5
1573931211909 0.311518 6
1573931213089 0.31860602 7
1573931214286 0.3191967 8
1573931215487 0.32793856 9
1573931216670 0.32640284 10
1573931217858 0.3227407 11
1573931219106 0.3255759 12
1573931220314 0.3252215 13
1573931221514 0.3330183 14
1573931222688 0.3350266 15
1573931223899 0.3344359 16
1573931225084 0.3330183 17
1573931226286 0.32959244 18
1573931227482 0.33585352 19
