1573931204508 1.5276096717464944 0
1573931205769 1.4716272525088856 1
1573931207067 1.4632872508956494 2
1573931208301 1.459531229287298 3
1573931209500 1.4513540601702182 4
1573931210693 1.4448782999136711 5
1573931211889 1.44678669288464 6
1573931213068 1.441838649596537 7
1573931214266 1.439881072435869 8
1573931215467 1.4333435146046756 9
1573931216649 1.4379664711042472 10
1573931217837 1.4358025028236645 11
1573931219078 1.4325321691105228 12
1573931220291 1.4340061296602713 13
1573931221491 1.4276656285447618 14
1573931222667 1.4289886600507904 15
1573931223879 1.426415255924547 16
1573931225062 1.4263396053714155 17
1573931226265 1.4255972787183344 18
1573931227461 1.420860459405997 19
