1574006726457 0.28848198 0
1574006728146 0.3163615 1
1574006729552 0.3354991 2
1574006730959 0.3425871 3
1574006732374 0.34766686 4
1574006733778 0.36373302 5
1574006735192 0.35652688 6
1574006736608 0.35747194 7
1574006738030 0.36526877 8
1574006739444 0.36845836 9
1574006740835 0.3724749 10
1574006742263 0.37932664 11
1574006743684 0.37968105 12
1574006745084 0.38357943 13
1574006746637 0.38393384 14
1574006748070 0.38369757 15
1574006749490 0.38641465 16
1574006750917 0.38783225 17
1574006752343 0.3950384 18
1574006753755 0.4007088 19
1574006755157 0.40165386 20
1574006756587 0.40437093 21
1574006758008 0.3996456 22
1574006759426 0.40744242 23
1574006760835 0.40330774 24
1574006762273 0.40838748 25
1574006763691 0.4108683 26
1574006765106 0.4102776 27
1574006766525 0.40862375 28
1574006767948 0.41393974 29
1574006769372 0.41807443 30
1574006770783 0.4193739 31
1574006772220 0.42279977 32
1574006773642 0.42622563 33
1574006775056 0.4225635 34
1574006776650 0.42409924 35
1574006778170 0.42941523 36
1574006779627 0.43260485 37
1574006781046 0.43343177 38
1574006782549 0.42929712 39
1574006783958 0.43225044 40
1574006785394 0.43331364 41
1574006786799 0.4381571 42
1574006788208 0.4346131 43
1574006789645 0.43650326 44
1574006791067 0.44701713 45
1574006792760 0.4463083 46
1574006794176 0.44678086 47
1574006795728 0.44843474 48
1574006797137 0.45599526 49
1574006798563 0.45386887 50
1574006799992 0.45197874 51
1574006801413 0.45339635 52
1574006802826 0.4596574 53
1574006804236 0.45823982 54
