1574006726426 1.8145829994158849 0
1574006728116 1.5307364193701702 1
1574006729523 1.4622982623094085 2
1574006730930 1.4309500839184954 3
1574006732345 1.422456078028017 4
1574006733750 1.4108919771901969 5
1574006735162 1.4076651096062343 6
1574006736579 1.4035631351758233 7
1574006738001 1.3982558559540526 8
1574006739416 1.394047169353014 9
1574006740808 1.3847691788591723 10
1574006742235 1.377067404812916 11
1574006743656 1.3794900935708738 12
1574006745056 1.3701469751483086 13
1574006746605 1.370129822177853 14
1574006748042 1.3652504179228429 15
1574006749461 1.358510659576096 16
1574006750889 1.3550353563120572 17
1574006752315 1.3493105772325997 18
1574006753727 1.3443919750761155 19
1574006755129 1.3444889714291162 20
1574006756559 1.33575762053319 21
1574006757980 1.3372662304564473 22
1574006759398 1.3273482316496523 23
1574006760806 1.3299281189445906 24
1574006762237 1.3220603531658897 25
1574006763662 1.3196530837950733 26
1574006765078 1.320761386867958 27
1574006766496 1.313329246729982 28
1574006767919 1.3120771005177596 29
1574006769342 1.310124774156628 30
1574006770755 1.3028147448186542 31
1574006772192 1.3027022475542855 32
1574006773613 1.2962280613110042 33
1574006775027 1.2934562627619988 34
1574006776620 1.296940910823234 35
1574006778141 1.2838619383143308 36
1574006779597 1.2843540878177604 37
1574006781017 1.2789642157247625 38
1574006782521 1.2812556831356483 39
1574006783928 1.2741267786178092 40
1574006785365 1.2744558477852377 41
1574006786770 1.274356429307896 42
1574006788179 1.2686239681790301 43
1574006789614 1.2610457576806913 44
1574006791037 1.2605458027219463 45
1574006792723 1.249171386663546 46
1574006794147 1.2527098687104903 47
1574006795692 1.2493023652968431 48
1574006797108 1.2401432292248749 49
1574006798534 1.240549519254974 50
1574006799963 1.2418197801531383 51
1574006801384 1.237899493579673 52
1574006802797 1.2315862593394515 53
1574006804207 1.230464335059669 54
