1573942646796 0.24075605 0
1573942648197 0.2984052 1
1573942649598 0.3076196 2
1573942650967 0.3234495 3
1573942652359 0.33632606 4
1573942653778 0.34731245 5
1573942655275 0.35333726 6
1573942656654 0.36160663 7
1573942658048 0.36987597 8
1573942659444 0.37082103 9
1573942660975 0.3802717 10
1573942662376 0.3792085 11
1573942663780 0.37755463 12
1573942665152 0.38074425 13
1573942666537 0.38570586 14
1573942667940 0.38948613 15
1573942669423 0.38570586 16
1573942670805 0.389368 17
1573942672192 0.3978736 18
1573942673589 0.3939752 19
