1573942646774 2.2296071076210056 0
1573942648175 2.0019049270436104 1
1573942649576 1.8748438606724116 2
1573942650945 1.7751668470819815 3
1573942652337 1.6985707181766057 4
1573942653756 1.6406262058656875 5
1573942655253 1.5950729800904213 6
1573942656633 1.5577149857871995 7
1573942658027 1.5318582427480554 8
1573942659422 1.5095326885836264 9
1573942660943 1.4886007700174853 10
1573942662354 1.4750477208939095 11
1573942663758 1.4597622881960883 12
1573942665130 1.4480726965489081 13
1573942666515 1.434542508302746 14
1573942667918 1.423724714778826 15
1573942669401 1.4195318200499505 16
1573942670783 1.4101935288501926 17
1573942672170 1.4032587521469106 18
1573942673567 1.3963814637820113 19
