1573972385099 0.28103957 0
1573972386329 0.3030124 1
1573972387588 0.31966922 2
1573972388753 0.32604843 3
1573972389868 0.3316007 4
1573972390996 0.34518605 5
1573972392105 0.35156527 6
1573972393234 0.35144714 7
1573972394364 0.35050207 8
1573972395478 0.35853514 9
1573972396638 0.354873 10
1573972397763 0.36266983 11
1573972398904 0.35912582 12
1573972400026 0.36172473 13
1573972401156 0.36420554 14
1573972402295 0.36479622 15
1573972403431 0.3685765 16
1573972404562 0.3721205 17
1573972405679 0.3753101 18
1573972406801 0.3827525 19
1573972407936 0.3806261 20
1573972409096 0.38192558 21
1573972410232 0.38263437 22
1573972411352 0.38606024 23
1573972412605 0.38865918 24
1573972413741 0.38865918 25
1573972414854 0.3919669 26
1573972416095 0.39456585 27
1573972417220 0.3939752 28
1573972418363 0.3953928 29
1573972419487 0.39681038 30
1573972420624 0.3939752 31
1573972421736 0.40011814 32
1573972422873 0.407088 33
1573972424019 0.40933254 34
1573972425133 0.4056704 35
1573972426252 0.40519786 36
1573972427428 0.41181335 37
1573972428588 0.4060248 38
1573972429708 0.4092144 39
1573972430837 0.41216776 40
1573972431950 0.41642055 41
1573972433103 0.41299468 42
1573972434223 0.41961017 43
1573972435346 0.41972828 44
1573972436491 0.41854694 45
1573972437605 0.42197284 46
1573972438754 0.42268163 47
1573972439878 0.41984642 48
1573972441027 0.42929712 49
1573972442151 0.42339042 50
1573972443412 0.4310691 51
1573972444558 0.4268163 52
1573972445670 0.42988777 53
1573972446957 0.42740697 54
