1573972385074 1.5213584243230263 0
1573972386296 1.462231616514784 1
1573972387552 1.4469366720985959 2
1573972388727 1.4384675293650349 3
1573972389844 1.431496405545171 4
1573972390971 1.4223496706754726 5
1573972392080 1.4154874747417696 6
1573972393209 1.4118629693140028 7
1573972394339 1.409135391271403 8
1573972395453 1.4035609234034205 9
1573972396614 1.402437418604207 10
1573972397737 1.3998423185280915 11
1573972398879 1.3974574383658485 12
1573972400001 1.3949419334662856 13
1573972401130 1.3933645324177526 14
1573972402269 1.3880534511026517 15
1573972403406 1.3879894892421616 16
1573972404537 1.3846909441894424 17
1573972405653 1.38337485187517 18
1573972406776 1.3768018150357755 19
1573972407911 1.375954235592891 20
1573972409071 1.3739446982503711 21
1573972410203 1.373727357281923 22
1573972411327 1.3686123855284382 23
1573972412569 1.3674184403754661 24
1573972413716 1.3664857480628774 25
1573972414829 1.362685952437255 26
1573972416069 1.3590745562571995 27
1573972417195 1.3581069677311222 28
1573972418337 1.3528811275782981 29
1573972419461 1.350976416364761 30
1573972420598 1.3518878321357541 31
1573972421711 1.345783758966161 32
1573972422848 1.3437164684899516 33
1573972423994 1.3428179525019357 34
1573972425107 1.3418042649197564 35
1573972426225 1.3373094228056148 36
1573972427400 1.3354581556584944 37
1573972428562 1.332367160358305 38
1573972429682 1.3295084561529908 39
1573972430812 1.3247047087319561 40
1573972431924 1.3267905765500776 41
1573972433077 1.3247331692351438 42
1573972434194 1.3223356522544911 43
1573972435321 1.3181152078856115 44
1573972436463 1.31734843883582 45
1573972437579 1.3155198050615566 46
1573972438728 1.3120909571436405 47
1573972439852 1.310480811380453 48
1573972441001 1.302204945871834 49
1573972442124 1.3034146965711833 50
1573972443384 1.2980865255587917 51
1573972444531 1.2985973772605495 52
1573972445644 1.2967690641332221 53
1573972446931 1.2985992689634032 54
