1573966802842 0.27395156 0
1573966803944 0.30372122 1
1573966805185 0.31742468 2
1573966806314 0.33325458 3
1573966807436 0.33691671 4
1573966808566 0.3431778 5
1573966809705 0.34979326 6
1573966810858 0.354873 7
1573966812079 0.36030716 8
1573966813226 0.3633786 9
1573966814337 0.3636149 10
1573966815561 0.36562315 11
1573966816992 0.36621383 12
1573966818134 0.37200236 13
1573966819261 0.37377438 14
1573966820393 0.3749557 15
1573966821526 0.37578264 16
1573966822668 0.3795629 17
1573966823838 0.37932664 18
1573966825024 0.38287064 19
1573966826416 0.3834613 20
1573966827709 0.3834613 21
1573966829064 0.39279386 22
1573966830161 0.39385706 23
1573966831305 0.39232132 24
1573966832545 0.39161253 25
1573966833634 0.3953928 26
1573966834724 0.39669228 27
1573966835796 0.40165386 28
1573966836896 0.4087419 29
1573966837973 0.40129948 30
1573966839066 0.3992912 31
1573966840134 0.40956882 32
1573966841221 0.41323096 33
1573966842313 0.41323096 34
1573966843545 0.41464856 35
1573966844894 0.41453043 36
1573966846207 0.4122859 37
1573966847334 0.41287655 38
1573966848458 0.4172475 39
1573966849582 0.4165387 40
1573966850711 0.4183107 41
1573966851913 0.4179563 42
1573966853049 0.42126402 43
1573966854154 0.42516243 44
1573966855288 0.42516243 45
1573966856395 0.42220908 46
1573966857549 0.42799765 47
1573966858815 0.4253987 48
1573966859926 0.42953336 49
1573966861056 0.43484938 50
1573966862265 0.4346131 51
1573966863395 0.43484938 52
1573966864521 0.4392203 53
1573966865623 0.43685764 54
