1573966802815 1.5430745023562933 0
1573966803917 1.4611253299448381 1
1573966805158 1.4448539288453779 2
1573966806286 1.431409176439487 3
1573966807408 1.4259062902785165 4
1573966808539 1.4172247009170316 5
1573966809676 1.4095982912652816 6
1573966810831 1.4042469823142163 7
1573966812050 1.400572613084098 8
1573966813198 1.3971545693019545 9
1573966814309 1.3959625069516266 10
1573966815532 1.390301003754667 11
1573966816964 1.390699188876842 12
1573966818107 1.3849765136265852 13
1573966819232 1.3849211707596798 14
1573966820364 1.3809244109129526 15
1573966821497 1.3796590357085903 16
1573966822641 1.3735939021654124 17
1573966823809 1.3724381805381618 18
1573966824994 1.3718078634827642 19
1573966826386 1.370423024487932 20
1573966827677 1.3654487325957874 21
1573966829035 1.3614932829011352 22
1573966830132 1.3609346221764975 23
1573966831277 1.3556974442555787 24
1573966832515 1.3565572973686213 25
1573966833606 1.3532062445599442 26
1573966834696 1.352068800723419 27
1573966835768 1.3458506599095046 28
1573966836868 1.3432439872518631 29
1573966837945 1.3441949721841648 30
1573966839038 1.3408514591623746 31
1573966840107 1.334554169745538 32
1573966841193 1.3317611227356605 33
1573966842285 1.3325189909706858 34
1573966843518 1.329645227752208 35
1573966844841 1.326656522570597 36
1573966846175 1.324986333010539 37
1573966847306 1.3238827801567523 38
1573966848430 1.3186348081268788 39
1573966849554 1.3190629133583875 40
1573966850683 1.3173675456979328 41
1573966851885 1.3152430295521735 42
1573966853021 1.3126479454739024 43
1573966854127 1.306384727536611 44
1573966855260 1.3058624832713246 45
1573966856366 1.3062383434016256 46
1573966857520 1.2996356285752029 47
1573966858773 1.2985086643266313 48
1573966859897 1.2963281647664728 49
1573966861027 1.2897246421193203 50
1573966862225 1.288374516911853 51
1573966863366 1.2840834064449844 52
1573966864493 1.2864762828819019 53
1573966865595 1.2829308246763513 54
