1573931921797 0.2898996 0
1573931923049 0.31943297 1
1573931924318 0.34660366 2
1573931925613 0.35404608 3
1573931926874 0.36704075 4
1573931928158 0.3833432 5
1573931929617 0.3884229 6
1573931930897 0.39137626 7
1573931932174 0.39669228 8
1573931933443 0.40366215 9
1573931934704 0.41204962 10
1573931936083 0.4147667 11
1573931937353 0.4207915 12
1573931938618 0.42268163 13
1573931939896 0.4261075 14
1573931941166 0.43662137 15
1573931942444 0.43721205 16
1573931943726 0.43343177 17
1573931944988 0.43532193 18
1573931946292 0.44264618 19
