1573931921774 1.4956402714549615 0
1573931923027 1.4386598097524625 1
1573931924295 1.4166974521852145 2
1573931925589 1.4043508269557288 3
1573931926852 1.3911258296155395 4
1573931928136 1.3795871384243816 5
1573931929583 1.3675572461512973 6
1573931930875 1.3601317274873241 7
1573931932151 1.3516499911267168 8
1573931933421 1.3399907991017241 9
1573931934680 1.3341153057946724 10
1573931936060 1.325550584179089 11
1573931937330 1.3169771995899315 12
1573931938595 1.3139320371704417 13
1573931939874 1.3025880885701593 14
1573931941143 1.2963898951107415 15
1573931942421 1.2897776751706957 16
1573931943703 1.2821591614409444 17
1573931944965 1.2772680348640213 18
1573931946269 1.270210682775449 19
